0 5 6 12 15 16 17 19 20 21 22 23 25 26 28 32 33 34 40 42 44 47 50 55 56 57 59 60 62 63 64 66 69 70 71 72 79 84 85 86 89 92 96 97 98 99 100 101 102 103 104 105 106 107 108 114 117 120 121 122 123 125 130 132 133 135 136 144 146 153 154 157 161 
1 6 21 30 33 34 38 54 60 62 64 69 70 75 82 84 85 99 100 102 117 137 138 143 145 153 
2 5 7 23 24 31 43 65 73 91 108 118 135 151 158 
3 5 9 10 23 24 31 35 36 41 43 46 58 61 62 66 73 80 81 88 91 92 94 109 111 112 114 115 116 120 122 124 127 131 136 137 139 147 148 156 158 159 164 166 167 
4 10 11 23 35 36 37 43 46 47 58 59 66 68 71 79 80 81 84 89 90 94 101 109 112 116 120 125 126 127 128 129 130 136 137 141 146 147 148 155 156 158 164 165 
5 6 9 10 23 24 32 36 41 46 57 58 61 62 63 64 66 79 80 81 86 88 90 91 97 104 106 108 109 111 112 115 116 117 120 131 132 133 134 135 136 138 153 155 156 158 159 164 166 167 
6 8 14 15 16 17 19 23 25 26 28 32 33 34 41 42 43 44 49 52 53 54 57 60 62 64 67 69 70 72 77 78 84 85 86 96 97 99 100 102 103 104 105 107 115 117 120 121 122 130 131 132 133 134 138 140 143 144 145 146 153 154 161 168 
7 13 22 31 68 73 89 97 109 118 135 142 151 
8 20 24 25 27 29 30 31 39 43 50 52 53 67 83 95 96 97 98 117 121 122 123 133 139 143 144 146 159 163 168 
9 10 13 23 24 37 41 46 47 52 61 62 64 66 69 85 88 90 91 92 109 111 112 115 116 117 120 125 129 131 133 137 145 147 148 153 154 155 157 166 167 
10 11 13 19 23 24 29 35 36 37 43 46 47 57 58 61 62 63 64 65 66 79 80 81 88 89 90 91 92 94 103 109 111 112 116 120 125 127 129 130 132 135 136 137 139 147 148 151 153 155 156 158 164 166 167 
11 20 23 30 35 36 37 40 43 45 46 47 48 50 57 58 62 66 68 89 90 92 94 95 100 110 112 120 125 126 127 128 134 135 136 141 147 148 149 151 153 156 158 159 160 164 165 
12 15 17 19 25 28 32 34 42 44 49 51 52 57 59 64 70 72 75 78 79 84 85 86 96 97 99 100 101 102 103 104 105 106 107 115 117 121 122 123 130 132 138 140 143 144 146 153 154 157 161 
13 18 22 23 26 27 29 45 47 48 60 66 68 76 79 88 89 90 95 99 111 112 113 114 115 125 132 135 137 141 153 154 158 159 
14 21 25 30 38 49 51 59 60 65 70 73 84 91 96 117 119 130 134 143 144 152 
15 17 28 32 42 43 44 50 52 54 57 60 64 71 72 79 84 85 91 99 100 101 102 103 104 105 106 117 122 130 132 133 138 144 146 153 154 157 161 
16 19 20 25 29 31 32 33 34 42 49 51 55 56 57 60 64 66 70 77 79 84 85 86 97 99 104 106 110 111 115 117 120 121 132 133 135 138 139 140 143 144 149 151 153 154 157 159 163 166 
17 19 25 27 28 32 39 41 42 44 49 56 57 59 60 63 64 66 70 71 72 78 79 84 85 86 96 97 98 99 100 101 102 103 104 105 107 108 117 121 122 124 130 132 138 140 143 144 146 150 153 154 157 161 
18 21 23 55 71 88 117 119 135 151 153 160 
19 25 28 32 39 42 44 50 52 53 56 59 64 65 67 70 72 78 79 85 86 92 96 97 100 103 104 105 106 107 117 118 121 122 130 131 138 140 144 146 150 154 157 161 166 
20 24 25 26 31 32 43 50 55 72 83 87 92 98 99 106 108 110 124 146 159 163 
21 22 23 25 28 29 30 34 38 39 42 48 51 60 64 65 66 69 71 73 79 85 95 99 102 103 106 117 120 130 132 143 145 152 153 
22 26 29 34 41 42 44 45 51 54 55 62 64 65 68 69 89 95 97 100 107 109 120 130 135 141 161 
23 24 26 27 28 29 33 35 36 37 40 43 45 46 47 48 54 55 57 58 61 62 65 66 68 73 76 79 81 87 88 90 91 93 94 97 99 101 103 107 108 109 110 111 112 115 116 117 118 119 120 123 125 126 127 128 132 136 137 141 142 144 145 146 147 148 149 150 151 153 155 156 157 158 159 160 161 162 164 165 167 
24 36 39 43 58 59 61 62 81 88 91 92 94 107 109 110 111 112 116 120 127 129 133 136 139 147 148 149 155 156 158 159 163 164 166 167 
25 28 31 32 38 42 44 49 50 51 52 56 57 59 60 69 70 71 72 73 79 84 85 88 95 96 97 99 100 101 102 103 104 105 106 107 117 121 122 130 132 138 140 144 146 150 153 154 157 161 
26 31 34 37 43 47 48 50 52 57 62 63 66 68 69 84 85 89 97 99 101 108 111 132 135 139 141 142 151 153 159 167 
27 28 29 42 43 50 51 53 63 65 70 78 84 85 96 97 98 103 105 108 113 120 122 123 139 144 146 150 
28 29 32 34 39 42 44 49 50 51 52 53 54 57 59 64 65 67 69 70 72 73 78 79 83 84 85 86 90 95 96 97 98 99 100 101 102 103 104 105 106 107 117 121 122 123 125 130 131 132 140 143 144 146 153 154 157 161 168 
29 30 38 39 42 43 48 51 59 60 64 65 66 74 83 95 97 101 102 103 104 109 111 117 120 121 132 135 143 145 150 151 152 153 159 162 163 
30 38 43 48 51 65 69 74 79 85 141 145 152 159 160 162 
31 32 45 50 55 68 72 83 92 108 110 117 119 122 124 141 144 145 159 162 163 
32 39 42 44 49 50 52 57 59 64 70 72 77 78 79 84 85 86 96 97 99 101 102 104 105 106 107 117 121 122 131 132 137 138 140 143 144 146 153 154 157 161 
33 34 39 41 42 49 52 54 55 57 60 62 64 67 69 70 77 79 84 85 86 97 99 100 101 103 106 107 117 123 131 132 133 135 138 143 144 145 153 
34 41 42 49 50 51 52 54 55 57 60 62 64 66 69 70 78 79 85 86 99 100 102 106 111 117 130 131 132 133 134 143 153 157 161 
35 36 43 46 58 66 68 71 80 81 90 94 109 112 116 120 126 127 128 129 141 148 155 156 158 164 165 167 
36 43 46 58 66 80 81 88 90 92 94 109 111 112 116 120 125 126 127 128 129 136 147 148 155 156 164 165 167 
37 40 42 43 47 48 49 57 60 61 63 64 65 66 69 76 82 84 85 86 87 89 90 91 94 95 98 99 104 107 109 110 111 117 120 125 126 128 131 132 133 135 136 137 138 143 145 148 149 151 153 154 156 157 165 
38 39 51 52 60 69 97 143 151 152 
39 40 48 51 52 60 63 64 70 71 74 75 78 82 83 85 96 97 101 102 103 104 118 121 131 134 135 140 143 150 151 159 160 162 163 168 
40 48 54 57 63 65 71 73 74 75 82 84 100 106 118 144 153 154 159 160 
41 44 51 52 57 61 62 64 67 69 70 79 84 88 91 94 99 100 107 109 111 112 115 116 117 130 131 133 137 144 146 148 158 166 
42 43 44 49 50 52 54 57 60 64 69 70 72 79 84 85 86 95 97 99 100 101 102 103 104 105 106 107 117 121 122 130 131 132 138 143 144 146 153 154 157 161 
43 46 48 50 52 58 59 62 64 65 66 74 76 78 80 81 84 85 87 90 92 94 96 97 98 108 109 110 112 113 116 117 120 125 126 127 128 129 130 135 136 137 142 144 146 149 151 153 156 158 162 164 168 
44 49 50 52 53 56 57 59 62 64 67 69 70 72 77 78 79 84 85 96 97 98 99 100 101 102 104 105 106 107 117 120 121 122 123 130 131 132 133 134 138 140 143 144 146 150 154 157 161 168 
45 47 55 66 68 76 85 89 135 141 145 151 156 158 
46 47 58 61 66 68 73 78 80 81 87 88 90 91 92 94 109 111 112 115 116 120 125 127 129 133 136 137 142 147 148 155 156 164 165 166 167 
47 57 58 63 64 66 68 73 79 81 89 90 91 94 95 98 99 101 104 106 107 108 109 111 112 115 116 118 119 120 125 126 128 132 133 135 136 137 141 142 147 148 151 153 154 155 156 157 158 159 164 165 
48 65 71 73 74 75 79 82 84 85 95 99 106 120 123 124 151 153 159 160 168 
49 52 54 57 60 62 63 64 65 66 69 70 75 77 84 85 86 93 96 99 100 102 104 105 107 111 113 115 117 131 132 134 138 140 143 144 152 153 161 
50 52 53 55 57 63 67 70 72 79 83 85 89 92 96 97 98 99 101 104 106 108 109 110 121 122 123 124 132 133 138 139 143 144 146 150 153 154 157 159 161 162 163 168 
51 52 55 57 60 64 69 72 78 79 85 86 102 103 104 105 106 117 130 132 143 145 152 153 162 
52 54 57 60 62 63 64 69 70 72 74 78 82 83 84 85 91 95 96 97 98 99 101 102 104 111 115 117 121 122 123 130 131 132 133 134 137 138 143 144 151 152 153 154 157 159 160 161 163 168 
53 59 67 70 83 99 105 107 121 123 133 144 146 150 161 
54 57 60 62 64 65 69 74 75 77 79 84 85 86 99 100 102 103 104 106 107 117 118 130 131 132 133 144 153 154 160 161 
55 66 68 69 76 79 84 95 99 106 114 117 119 120 132 135 137 141 144 145 151 153 161 
56 64 77 85 89 107 111 117 121 130 132 139 140 144 149 151 
57 60 62 63 64 66 67 69 70 72 77 79 84 85 86 89 96 97 98 99 100 101 102 103 104 105 106 107 111 115 117 120 121 123 125 130 131 132 133 135 138 143 144 146 151 152 153 154 157 161 162 
58 61 62 66 68 80 81 88 90 94 109 110 112 116 120 125 126 127 128 129 137 147 148 155 156 158 164 165 166 
59 64 65 67 70 72 74 84 85 86 97 105 107 117 120 121 122 130 139 140 144 146 153 154 157 161 163 
60 62 64 65 66 69 70 72 73 77 78 79 84 85 86 95 96 97 98 99 100 101 102 103 104 106 109 117 120 122 130 132 133 138 143 144 145 146 151 152 153 154 157 161 
61 62 81 88 90 91 94 109 111 112 115 116 120 127 129 133 136 137 147 148 155 156 158 164 166 167 
62 63 64 66 69 70 77 78 84 85 86 88 90 91 94 99 100 106 108 109 111 112 115 116 117 120 130 134 137 138 143 145 148 151 152 153 156 158 161 164 166 
63 66 70 71 75 78 79 85 86 89 93 96 97 98 101 102 104 106 109 111 113 115 117 132 134 136 139 144 150 151 153 157 159 161 
64 66 67 69 70 72 74 77 78 79 84 85 86 89 90 99 100 101 102 103 104 105 106 107 109 111 115 117 118 121 125 130 131 132 133 134 135 138 140 143 144 145 151 152 153 154 157 161 162 
65 71 73 74 75 76 78 82 84 85 90 95 96 97 99 108 109 112 117 118 119 120 121 122 123 124 125 135 142 144 151 153 154 159 160 164 168 
66 68 71 79 80 81 83 84 89 90 91 92 94 99 101 102 106 108 109 110 111 112 115 116 117 118 120 125 131 132 135 136 137 141 143 144 146 147 148 150 151 153 154 155 156 157 164 165 166 
67 70 77 83 96 98 99 104 105 107 120 121 122 131 133 143 144 153 154 157 163 
68 76 79 84 87 89 90 91 101 110 125 126 128 134 141 145 147 151 156 158 161 164 165 166 
69 70 71 77 78 79 84 85 86 95 99 100 101 102 105 106 107 111 115 117 120 130 131 132 133 134 138 143 144 145 146 152 153 154 161 
70 72 75 77 78 83 84 85 86 93 96 97 99 100 105 107 113 117 121 122 131 138 140 143 144 146 150 153 154 162 
71 73 74 78 79 80 82 85 95 97 101 102 105 106 108 116 118 119 120 132 135 136 138 143 146 150 151 154 157 160 161 
72 78 79 84 85 86 96 97 99 100 102 104 105 106 107 117 121 122 130 132 134 138 140 143 144 146 153 154 157 161 168 
73 74 90 91 97 99 109 115 118 123 135 143 144 153 159 165 168 
74 75 82 84 85 97 118 125 135 151 153 154 157 159 160 168 
75 82 83 93 95 96 97 113 131 138 151 153 160 
76 120 135 137 141 145 
77 84 86 99 107 117 120 123 131 133 140 143 150 152 
78 84 85 86 93 96 97 98 100 101 103 105 108 113 120 121 122 123 137 138 143 144 146 150 154 157 
79 84 85 86 89 90 96 97 99 100 101 102 103 104 105 106 107 117 118 121 122 123 130 131 132 133 135 138 144 146 153 154 157 161 168 
80 81 90 92 94 109 112 120 127 129 136 137 147 155 156 158 164 167 
81 88 90 91 92 94 101 109 110 112 115 120 125 127 136 137 146 147 148 155 156 164 165 167 
82 110 137 138 139 149 151 153 159 160 
83 93 96 97 103 104 107 108 118 120 121 122 125 131 133 137 143 144 151 153 162 168 
84 85 86 96 97 99 100 101 102 103 104 105 106 107 114 117 120 121 122 130 131 132 133 138 140 143 144 146 152 153 154 157 161 
85 86 99 100 101 102 103 104 105 106 107 108 115 117 120 121 122 123 130 131 132 133 137 138 140 142 143 144 145 146 149 150 153 154 157 159 163 
86 99 100 104 105 106 107 111 115 117 120 121 122 132 133 135 138 140 143 153 154 157 161 
87 110 125 126 128 136 149 
88 90 91 109 111 112 115 116 117 120 127 129 136 137 141 144 148 155 156 158 164 166 167 
89 90 96 98 99 104 111 112 114 125 132 135 136 139 141 142 145 153 154 157 
90 91 94 103 109 111 112 115 116 119 120 125 126 127 128 135 136 141 147 148 153 155 156 158 161 164 165 
91 97 99 101 109 111 112 115 116 120 125 127 129 137 147 148 151 153 158 164 165 166 167 
92 97 109 111 112 116 120 127 136 137 147 155 156 164 166 167 
93 96 97 101 113 120 122 123 143 146 
94 109 112 120 125 127 129 136 141 147 148 155 156 158 164 165 167 
95 120 124 132 135 141 162 
96 97 98 100 101 103 104 105 106 107 113 121 122 123 130 132 139 140 143 144 146 153 154 157 161 163 168 
97 98 99 101 103 104 107 108 109 115 117 121 122 123 124 130 131 132 134 138 141 143 144 145 146 150 151 152 153 154 157 158 159 160 161 162 163 168 
98 101 104 105 107 109 113 119 122 123 125 137 139 143 144 150 157 163 168 
99 100 101 102 103 104 106 107 109 111 114 117 118 120 121 123 131 132 133 138 140 143 144 145 146 152 153 154 157 161 162 168 
100 102 103 104 105 106 107 117 120 121 122 130 131 132 138 144 146 153 154 157 161 
101 102 103 104 105 106 117 118 121 122 123 132 137 138 141 143 144 146 153 154 157 161 164 
102 103 104 105 106 115 117 130 131 132 133 135 138 143 144 146 150 153 154 157 161 
103 104 105 106 107 117 121 122 131 132 135 138 143 144 146 150 153 154 157 161 
104 105 106 107 111 117 120 121 122 125 130 132 133 134 135 138 143 144 146 152 153 154 157 159 161 
105 106 107 117 121 122 123 130 131 138 140 143 144 146 150 154 157 161 
106 107 117 120 121 122 123 130 131 132 133 135 138 144 146 153 154 157 161 168 
107 109 113 117 121 122 124 130 131 133 138 140 144 146 152 154 157 161 162 168 
108 119 124 132 138 139 150 153 154 157 165 
109 111 112 115 116 120 125 127 129 135 136 137 142 148 156 158 164 165 166 167 168 
110 120 125 126 128 137 148 149 155 159 
111 112 115 116 120 125 129 132 133 134 135 136 137 139 143 147 148 151 152 153 154 155 157 164 166 167 
112 115 116 120 126 127 128 129 135 136 147 148 155 156 158 164 165 166 167 
113 159 162 
114 118 131 132 135 144 153 
115 116 120 131 132 133 137 140 153 154 155 159 166 167 
116 117 120 127 129 136 137 144 158 164 165 166 167 
117 118 121 122 130 131 132 133 137 138 140 141 143 144 145 146 153 154 157 161 
118 120 124 132 135 153 154 157 159 160 168 
119 135 142 153 
120 124 125 126 127 128 131 132 133 136 137 142 143 145 147 148 149 153 154 155 156 157 158 159 164 165 166 167 
121 122 124 130 131 132 138 140 143 144 146 150 154 157 160 161 168 
122 123 130 132 138 139 140 143 144 146 153 154 157 161 168 
123 124 138 139 143 144 146 150 157 168 
124 131 162 166 
125 126 127 128 135 137 147 148 151 153 154 156 158 164 165 
126 127 128 130 132 141 149 156 165 
127 128 129 147 148 155 156 164 165 167 
128 130 132 141 149 156 165 
129 147 155 156 158 164 167 
130 131 132 134 137 141 142 144 146 154 157 161 168 
131 132 133 134 135 137 138 143 144 146 152 154 166 167 168 
132 133 135 138 140 143 144 146 149 153 154 157 159 161 
133 137 143 144 146 151 152 153 154 157 167 
134 135 145 152 
135 139 140 141 153 154 157 160 
136 137 142 147 155 156 158 159 164 165 
137 143 147 153 155 164 166 167 
138 143 144 146 150 153 154 157 160 161 
139 149 158 
140 144 150 153 154 157 159 161 
141 142 145 155 156 158 161 162 
142 151 
143 144 145 150 151 152 153 162 
144 146 150 153 154 157 161 162 163 168 
145 153 162 
146 150 153 154 157 161 164 168 
147 148 155 156 158 164 167 
148 155 156 158 164 165 166 167 
149 159 
150 159 166 
151 152 153 160 163 
152 162 
153 154 157 159 160 161 
154 157 161 168 
155 156 158 164 167 
156 158 164 165 166 167 
157 161 
158 159 161 164 165 166 167 
159 160 162 166 168 
160 
161 
162 
163 
164 165 166 167 
165 
166 167 
167 
168 
[0, 5, 1, 4, 4, 4, 0, 1, 3, 4, 4, 4, 0, 1, 5, 0, 0, 0, 1, 3, 3, 5, 1, 4, 4, 0, 1, 3, 0, 5, 5, 3, 0, 0, 0, 4, 4, 4, 5, 5, 2, 0, 0, 4, 0, 1, 4, 4, 2, 0, 3, 5, 0, 0, 0, 1, 0, 0, 4, 3, 0, 4, 4, 3, 0, 2, 4, 0, 1, 0, 0, 2, 0, 2, 2, 2, 1, 0, 0, 0, 4, 4, 2, 3, 0, 0, 0, 4, 4, 1, 4, 4, 4, 3, 4, 1, 3, 3, 3, 0, 0, 0, 0, 0, 0, 0, 0, 0, 1, 4, 4, 4, 4, 3, 1, 4, 4, 0, 2, 1, 4, 0, 3, 3, 3, 4, 4, 4, 4, 4, 0, 0, 0, 0, 5, 1, 4, 4, 0, 1, 0, 1, 1, 5, 0, 1, 0, 4, 4, 4, 0, 1, 5, 0, 0, 4, 4, 0, 4, 4, 2, 0, 5, 3, 4, 4, 4, 4, 2]