0 3 5 6 8 11 13 14 15 16 17 19 20 21 22 23 25 26 27 28 29 31 32 34 38 40 42 43 45 47 48 49 50 52 54 55 56 57 58 59 60 62 64 65 67 68 69 70 71 72 74 77 78 79 84 85 86 89 90 95 96 97 98 99 100 101 102 103 104 105 106 107 113 114 117 118 119 120 121 122 123 124 125 130 131 132 133 137 138 141 143 144 145 146 151 153 154 157 160 161 162 165 168 
1 10 14 15 21 28 30 33 38 39 45 50 51 58 60 77 82 86 92 99 102 130 134 145 152 162 
2 7 13 18 20 31 47 55 68 73 76 88 89 95 116 118 119 135 139 141 142 145 151 
3 9 10 21 23 24 27 29 41 43 46 58 61 62 73 87 88 90 91 92 94 96 98 99 109 110 111 112 114 115 116 117 120 137 139 148 158 159 164 166 167 
4 11 23 35 36 37 58 66 79 80 81 83 84 90 92 94 101 116 120 125 128 129 133 137 141 146 147 148 155 156 158 161 164 165 166 167 
5 9 13 17 18 22 23 24 32 34 36 41 43 46 47 54 57 58 61 62 64 66 79 80 84 88 89 90 91 92 97 101 104 106 109 111 112 115 120 133 135 136 137 138 139 148 151 153 154 156 158 165 166 167 
6 9 12 15 17 19 22 25 27 28 32 33 34 40 42 44 49 52 54 57 60 62 63 64 69 70 77 78 84 85 86 88 97 99 102 105 111 114 115 117 121 130 131 132 134 137 138 144 150 153 154 157 161 
7 40 48 55 68 73 76 89 97 109 118 119 135 141 142 145 151 167 
8 14 20 21 24 25 27 28 31 32 38 39 50 52 53 67 74 83 95 96 97 98 107 117 121 122 124 130 138 139 140 153 159 163 
9 23 24 26 34 37 41 43 46 47 58 61 62 66 88 90 91 92 97 109 110 111 112 115 116 120 131 134 137 155 166 167 
10 17 19 23 24 35 38 46 57 58 61 67 70 77 90 91 92 94 98 107 109 110 111 112 116 120 129 136 137 139 142 147 156 158 159 167 
11 23 34 37 38 47 58 74 79 80 81 87 90 92 94 95 117 120 125 126 128 136 141 142 143 148 151 155 156 158 159 162 164 165 167 
12 15 17 19 25 27 28 32 42 44 49 52 57 62 64 67 69 70 71 72 78 79 84 85 86 93 96 100 101 103 104 105 106 107 121 122 130 132 134 138 140 143 144 146 153 154 157 161 
13 15 22 23 26 27 29 38 43 47 48 50 60 61 63 64 71 76 79 88 89 90 93 94 95 101 104 123 125 130 131 135 141 142 145 153 158 159 162 165 
14 15 20 21 25 29 30 31 38 51 52 55 60 69 70 71 72 91 95 97 99 102 106 113 114 117 119 121 124 130 132 138 141 152 153 160 161 164 
15 17 19 21 22 23 25 26 27 28 29 32 33 38 42 43 45 47 48 50 51 52 54 57 60 64 68 69 71 72 76 77 78 79 84 85 86 93 95 97 99 100 101 102 103 104 105 106 107 117 118 120 121 122 123 125 130 131 132 133 134 138 141 144 145 146 153 154 157 161 162 165 168 
16 19 22 25 33 38 44 47 56 60 62 70 84 85 86 99 100 101 107 108 118 120 121 122 132 134 135 138 139 140 143 144 149 151 161 166 
17 19 23 25 27 28 32 34 39 42 44 49 52 57 59 60 63 64 69 71 72 78 79 84 85 86 91 96 97 98 100 101 103 104 105 107 111 114 117 118 120 121 122 130 131 132 134 138 140 143 144 146 150 153 154 157 161 
18 20 24 31 43 50 55 68 71 76 79 89 99 106 109 117 119 135 151 
19 21 22 23 25 27 28 32 40 42 44 47 49 50 52 53 56 57 59 62 65 70 71 72 73 77 78 79 84 85 89 96 99 101 103 104 105 106 107 118 120 121 122 123 130 132 134 138 140 143 144 146 150 151 153 154 157 161 162 
20 24 25 26 31 32 35 50 53 72 79 81 83 84 99 101 102 106 108 114 117 119 122 123 124 143 144 151 156 157 163 
21 22 23 24 26 28 29 30 32 38 39 42 43 47 48 50 51 52 54 55 57 60 64 65 68 69 71 74 77 79 84 85 89 97 102 103 106 109 117 131 132 141 143 144 145 152 153 162 165 
22 23 24 26 28 29 37 46 47 48 50 52 53 54 60 62 64 67 68 71 74 76 79 80 84 87 89 90 95 97 99 101 102 103 104 105 106 107 109 110 114 116 120 125 126 128 131 132 133 137 138 140 141 142 149 151 153 157 165 167 
23 26 27 34 35 38 43 45 46 47 55 56 58 61 63 66 68 78 81 85 86 89 90 91 92 95 96 99 103 104 107 109 110 111 112 114 115 116 117 120 125 126 128 131 133 136 137 141 144 148 151 153 158 163 165 166 167 
24 31 39 41 43 46 52 58 61 62 66 67 76 81 87 88 91 92 94 95 109 110 111 112 115 116 120 127 129 132 134 135 137 139 140 142 147 148 149 156 158 159 163 164 166 167 
25 27 28 31 32 33 34 38 40 42 44 49 50 52 53 54 55 57 59 60 61 64 67 69 70 71 72 74 77 78 79 84 85 86 93 95 96 97 98 99 100 101 102 104 105 106 107 113 117 121 122 130 131 132 134 136 137 138 140 141 143 144 145 146 153 154 157 160 161 162 163 168 
26 28 29 41 43 45 47 52 54 55 60 61 62 64 65 66 68 76 77 79 86 89 95 98 101 107 111 114 115 117 132 134 139 141 142 144 151 168 
27 28 32 39 42 44 49 50 52 57 59 63 69 70 71 72 78 84 85 86 93 96 97 98 100 101 102 103 104 105 107 113 116 117 120 121 122 123 130 132 134 138 139 143 144 146 150 153 154 157 161 162 168 
28 29 32 34 38 39 41 42 44 49 50 52 53 54 57 59 60 62 64 67 70 71 72 73 78 79 83 84 85 86 93 96 97 99 100 101 102 103 104 105 106 107 109 114 117 118 120 121 122 123 124 130 132 134 138 140 143 144 146 153 154 157 161 162 168 
29 30 31 38 39 42 50 51 52 60 64 70 76 78 83 89 92 97 98 101 102 103 104 105 107 109 114 116 117 120 124 134 143 144 145 150 151 152 159 161 162 
30 33 38 43 45 51 58 60 99 114 120 145 152 162 
31 32 35 38 43 50 53 55 56 58 60 68 72 76 78 81 83 96 97 98 99 102 106 107 108 110 114 116 117 119 122 123 124 141 144 145 151 159 162 163 
32 34 38 41 42 44 49 50 52 53 54 56 57 59 62 67 69 70 72 78 79 83 84 85 86 91 97 99 100 102 105 106 107 117 121 122 130 131 132 138 140 143 144 146 153 154 157 161 162 163 168 
33 34 38 39 42 49 52 54 56 57 60 62 64 67 69 70 77 84 85 86 88 99 102 117 122 131 133 134 138 140 143 144 152 154 163 
34 38 40 41 42 47 49 50 52 57 64 69 70 74 85 97 99 105 111 113 115 117 131 133 134 141 143 144 146 152 161 165 
35 36 37 43 46 58 66 80 81 89 90 92 94 109 116 120 127 128 129 137 147 148 155 156 158 164 165 167 
36 46 66 80 81 88 90 92 94 109 111 120 127 129 136 137 147 148 155 156 158 164 165 167 
37 47 66 68 81 87 90 92 94 110 115 120 125 126 128 132 141 149 151 156 164 165 167 
38 39 45 49 51 55 69 71 74 83 93 97 98 99 101 102 107 108 114 117 118 119 121 130 131 132 139 141 143 152 157 160 162 
39 40 43 48 51 59 63 65 69 73 75 78 82 93 103 104 109 114 134 143 150 151 152 160 162 
40 44 48 57 60 65 71 72 73 74 75 82 84 85 114 117 118 121 124 135 144 151 153 159 160 168 
41 42 51 52 54 55 57 61 62 63 64 67 69 86 88 91 94 97 99 105 107 109 111 112 115 120 130 131 132 133 134 135 137 143 148 149 157 158 161 166 167 
42 43 44 49 50 51 52 54 56 57 59 60 62 63 64 69 70 77 78 79 83 84 85 86 91 96 97 98 99 100 101 102 103 104 105 106 113 117 120 122 126 128 131 132 133 134 138 140 141 143 144 146 149 153 154 160 161 162 168 
43 45 46 55 58 61 62 63 66 76 78 89 90 91 92 94 95 99 109 110 111 112 114 115 117 119 120 127 132 134 135 137 141 148 151 155 158 160 164 166 167 
44 49 52 53 56 57 59 62 64 67 70 72 78 79 83 84 85 86 93 96 100 103 104 105 106 107 121 122 130 131 132 138 140 143 144 146 150 153 154 157 159 161 162 
45 47 51 54 55 57 64 68 76 79 99 101 106 130 132 141 142 163 
46 47 58 61 66 80 81 88 90 91 92 94 95 109 110 111 112 115 116 120 125 127 128 129 136 137 142 147 148 155 156 164 165 166 167 
47 48 50 54 55 58 60 61 64 65 68 74 76 79 87 89 90 91 92 95 101 103 104 109 110 111 112 115 116 117 118 120 125 126 128 131 132 135 136 139 141 142 143 144 149 151 153 156 158 162 164 165 167 
48 60 65 71 74 75 82 85 95 101 105 117 118 144 153 159 160 168 
49 51 52 54 57 59 60 62 63 64 67 68 69 70 75 77 84 85 86 93 96 97 98 99 100 102 104 105 107 113 117 121 122 123 130 131 132 133 134 138 141 143 144 161 162 
50 52 53 54 57 60 64 70 72 76 78 79 83 84 85 86 89 96 97 98 99 101 102 103 104 105 106 107 109 117 118 122 123 124 130 131 132 133 139 143 144 146 153 154 162 163 168 
51 54 60 69 77 100 102 103 104 105 130 132 134 142 143 145 152 161 162 
52 53 54 57 60 62 63 64 69 70 71 77 78 79 83 84 85 86 95 96 97 99 102 104 105 107 113 117 118 121 122 123 130 131 132 138 140 143 144 153 154 157 159 161 162 168 
53 54 67 70 83 84 89 105 107 121 122 123 133 138 140 142 143 144 154 157 163 
54 57 60 62 64 67 68 69 70 77 79 84 85 86 93 97 99 100 101 102 103 104 105 106 107 117 130 131 132 133 134 138 140 141 142 143 144 146 153 154 157 161 
55 64 66 68 74 76 89 90 91 92 95 97 102 108 111 112 116 117 119 120 129 132 135 136 137 139 141 142 144 145 147 151 153 163 165 167 
56 60 62 70 78 85 97 99 107 114 117 121 132 135 139 140 144 161 
57 60 62 64 69 76 77 79 84 85 86 93 97 99 100 101 102 103 104 105 106 107 109 117 122 130 131 132 133 134 138 141 143 144 146 152 153 154 157 160 161 162 
58 60 61 65 66 70 80 81 87 89 90 91 92 93 94 95 97 99 104 109 110 111 112 115 116 117 119 120 125 126 127 129 135 136 137 144 148 155 156 160 164 165 166 167 
59 63 70 72 75 78 93 96 97 98 100 101 103 104 105 107 113 114 117 121 122 130 132 134 138 140 143 144 150 161 162 168 
60 62 64 65 70 71 74 77 79 84 85 86 89 91 92 93 97 99 100 101 102 103 104 107 109 117 120 123 131 132 133 134 137 138 140 143 144 145 151 152 153 154 157 160 162 168 
61 62 66 67 88 89 90 91 92 94 95 109 111 112 115 116 117 120 127 133 136 137 142 148 156 158 164 165 166 167 
62 64 67 69 70 76 77 84 85 86 88 91 102 105 107 109 111 114 115 116 117 120 121 130 131 133 134 137 138 140 143 144 149 154 157 161 166 167 
63 70 74 75 78 85 86 93 95 96 97 98 100 103 105 111 113 116 120 128 134 136 141 150 151 153 165 167 
64 68 69 77 79 84 85 86 97 99 100 101 102 103 104 105 106 113 118 130 131 132 133 134 138 141 143 144 145 146 151 152 153 154 157 161 168 
65 71 72 73 74 75 82 99 101 114 118 120 124 144 151 153 160 167 168 
66 67 76 80 81 83 84 87 88 89 90 91 93 94 107 109 110 111 115 116 120 125 127 128 130 136 137 141 146 147 148 162 164 165 166 
67 68 69 77 79 83 84 85 86 88 92 93 100 105 107 109 116 121 130 131 133 135 137 140 142 144 150 154 157 161 163 
68 76 84 88 90 93 99 101 104 119 128 132 133 141 145 151 165 166 
69 70 71 77 79 84 85 86 96 97 98 99 101 102 104 105 113 116 117 121 130 131 132 133 134 135 138 141 143 144 150 151 153 154 157 161 
70 75 77 78 84 85 86 90 93 95 96 97 98 99 101 102 104 105 107 113 117 121 122 130 131 132 134 138 140 142 143 144 146 157 161 162 
71 74 79 82 85 95 96 97 101 102 103 104 105 106 113 117 118 121 130 132 135 138 143 144 146 151 153 154 157 160 168 
72 78 79 100 102 105 106 107 118 121 122 130 132 138 140 144 146 153 154 157 160 161 168 
73 74 83 96 97 98 109 114 118 121 122 124 135 151 168 
74 79 82 90 95 97 106 117 118 141 153 160 165 168 
75 82 93 96 97 98 113 122 123 124 160 
76 86 89 95 101 103 104 114 133 135 139 141 142 143 145 151 153 
77 79 84 85 86 88 97 99 101 102 104 105 107 117 120 121 123 132 133 134 137 138 144 145 152 153 154 157 160 162 
78 84 85 86 93 96 97 98 99 100 101 103 104 105 107 111 113 114 117 120 121 122 123 130 132 134 138 140 143 144 146 150 153 154 157 161 168 
79 84 85 86 95 96 97 99 100 101 102 103 104 105 106 107 111 117 118 120 121 130 131 132 133 134 138 141 144 145 146 153 154 157 161 162 165 168 
80 81 90 91 94 109 111 120 127 129 136 137 147 148 155 156 164 
81 90 91 92 94 101 109 120 127 128 129 137 146 147 148 155 156 158 164 165 166 167 
82 108 160 
83 84 96 97 107 109 116 117 120 121 122 124 125 130 132 142 143 162 168 
84 85 86 90 97 98 99 100 101 102 105 107 117 122 131 132 133 134 137 138 140 143 144 145 146 152 153 154 157 160 162 168 
85 86 88 99 100 101 102 103 104 106 107 113 117 120 123 130 131 132 133 134 137 138 141 143 144 145 146 151 153 154 157 159 160 161 162 163 
86 95 96 99 100 101 102 103 104 106 107 114 117 120 122 123 131 132 133 134 135 137 138 143 144 145 146 151 153 154 157 161 
87 90 91 92 109 110 116 120 126 128 132 136 137 149 
88 91 109 111 115 116 117 120 127 131 133 135 136 137 142 143 156 166 167 
89 90 92 95 96 98 101 102 104 107 108 112 114 118 125 126 135 139 141 142 143 151 165 166 167 
90 91 92 94 95 97 100 101 102 109 110 111 112 115 119 120 125 126 127 128 129 134 136 137 141 148 155 156 162 164 165 166 167 
91 92 95 97 109 110 111 112 115 116 120 127 136 137 142 149 151 164 165 166 167 
92 94 95 107 109 110 111 112 115 116 120 124 126 127 129 137 139 142 147 148 150 155 156 159 162 164 165 166 167 
93 95 96 97 98 100 101 103 104 107 109 113 120 122 123 143 146 150 153 154 157 159 162 
94 109 112 125 127 128 129 142 147 148 155 156 158 164 165 166 167 
95 97 102 111 113 117 122 124 132 139 140 141 142 144 151 153 160 162 163 165 167 168 
96 97 98 100 101 102 103 104 105 107 109 113 117 120 121 122 130 132 138 139 144 146 150 153 154 157 161 
97 98 99 102 103 105 106 107 109 111 113 115 117 121 122 123 124 130 131 132 134 138 143 144 145 152 153 154 157 159 160 161 162 165 168 
98 100 101 103 104 105 107 109 113 116 122 130 134 137 139 140 143 147 150 162 168 
99 101 102 104 106 107 109 110 114 117 120 123 131 132 133 134 138 140 141 144 145 146 152 153 154 157 160 161 162 168 
100 101 102 103 104 105 106 122 130 132 134 137 144 146 150 153 154 157 161 
101 102 103 104 105 106 111 114 117 118 120 122 123 124 131 132 133 137 138 139 143 144 146 153 154 157 160 162 168 
102 103 104 105 106 117 121 130 131 132 134 138 140 141 144 152 153 154 157 161 
103 104 105 107 110 120 122 130 131 132 137 138 143 144 146 150 151 153 154 157 161 
104 105 106 107 111 118 120 122 123 131 132 133 138 141 143 144 146 150 151 153 154 157 161 162 
105 106 107 117 120 121 122 130 131 132 134 138 140 141 143 144 145 146 150 151 152 153 154 157 159 161 162 165 168 
106 107 118 121 122 130 131 132 133 134 137 138 144 146 153 154 157 161 162 168 
107 109 114 117 120 121 122 123 124 130 131 132 133 134 137 138 140 142 143 144 146 150 153 154 157 161 162 
108 114 139 140 141 150 
109 110 111 112 114 115 116 120 122 126 127 129 136 137 142 148 152 156 158 159 162 164 165 166 167 
110 111 115 116 120 125 126 128 132 136 137 141 149 159 
111 112 115 116 120 129 131 132 134 136 137 147 150 152 153 154 155 158 165 166 167 
112 115 116 120 129 136 137 139 142 148 155 156 158 164 165 166 167 
113 117 124 130 132 133 134 150 159 162 163 
114 118 120 122 123 124 131 134 136 144 163 
115 116 120 131 134 137 155 166 167 
116 120 130 131 136 137 142 149 165 166 167 168 
117 118 120 121 123 130 131 132 133 134 137 138 141 143 144 145 151 153 154 157 160 161 162 163 168 
118 120 122 131 132 153 154 157 160 168 
119 135 151 165 166 
120 125 126 128 131 132 133 136 137 141 144 149 151 153 156 158 159 162 164 165 166 167 
121 122 124 130 132 134 138 140 143 144 146 153 154 157 161 162 168 
122 123 130 132 138 139 140 143 144 146 150 153 154 157 161 162 163 168 
123 124 143 144 146 150 153 154 157 161 162 168 
124 131 139 143 162 168 
125 126 128 134 141 148 149 151 156 162 165 
126 128 132 141 149 151 165 167 
127 129 137 147 148 155 156 158 164 165 166 167 
128 132 141 148 149 151 165 166 167 
129 147 148 155 156 164 165 167 
130 132 133 134 135 138 143 144 153 154 157 158 161 168 
131 132 133 134 137 138 140 141 143 144 146 153 154 161 162 163 166 168 
132 133 134 138 139 140 141 143 144 145 146 149 153 154 157 159 160 161 162 168 
133 137 140 141 142 143 144 151 153 157 163 166 
134 135 144 145 151 152 153 154 157 161 
135 139 151 159 160 166 
136 137 140 141 142 144 151 153 165 166 167 
137 144 146 153 164 166 167 
138 140 143 144 146 152 153 154 157 160 161 162 168 
139 141 151 163 
140 142 143 144 154 157 161 
141 142 144 145 149 151 153 162 163 165 167 
142 148 151 161 162 163 164 165 167 
143 144 145 146 151 153 161 162 
144 145 146 150 153 154 157 160 161 162 168 
145 151 152 153 162 
146 150 153 154 157 161 168 
147 148 155 156 158 164 165 167 
148 155 156 158 164 165 166 167 
149 159 166 
150 161 166 168 
151 153 155 156 160 162 164 165 
152 161 162 
153 154 157 160 161 162 165 168 
154 157 161 
155 156 158 164 165 166 167 
156 158 164 165 166 167 
157 161 
158 164 167 
159 162 
160 162 168 
161 168 
162 165 168 
163 
164 165 166 167 
165 167 
166 167 
167 
168 
[0, 5, 1, 4, 4, 4, 0, 1, 3, 4, 4, 4, 0, 1, 5, 0, 0, 0, 1, 3, 3, 5, 1, 4, 4, 0, 1, 3, 0, 5, 5, 3, 0, 0, 0, 4, 4, 4, 5, 5, 2, 0, 0, 4, 0, 1, 4, 4, 2, 0, 3, 5, 0, 0, 0, 1, 0, 0, 4, 3, 0, 4, 4, 3, 0, 2, 4, 0, 1, 0, 0, 2, 0, 2, 2, 2, 1, 0, 0, 0, 4, 4, 2, 3, 0, 0, 0, 4, 4, 1, 4, 4, 4, 3, 4, 1, 3, 3, 3, 0, 0, 0, 0, 0, 0, 0, 0, 0, 1, 4, 4, 4, 4, 3, 1, 4, 4, 0, 2, 1, 4, 0, 3, 3, 3, 4, 4, 4, 4, 4, 0, 0, 0, 0, 5, 1, 4, 4, 0, 1, 0, 1, 1, 5, 0, 1, 0, 4, 4, 4, 0, 1, 5, 0, 0, 4, 4, 0, 4, 4, 2, 0, 5, 3, 4, 4, 4, 4, 2]