0 4 6 10 12 15 17 19 20 21 22 25 26 27 28 30 32 33 34 36 37 39 40 41 42 44 45 46 48 49 50 51 53 54 57 59 60 61 62 64 66 67 68 70 71 72 78 79 80 81 84 85 86 89 90 91 96 97 98 99 100 101 102 103 104 105 106 107 109 117 120 121 122 123 125 126 130 131 132 134 135 136 138 139 143 144 146 151 153 154 157 159 161 165 168 
1 14 30 34 38 39 41 45 51 52 60 68 69 76 84 85 102 103 130 131 134 141 143 144 152 161 162 
2 3 7 16 18 20 26 31 39 47 54 55 68 76 77 89 91 95 106 112 114 119 133 135 142 145 151 158 164 167 
3 4 5 8 9 10 18 22 24 27 31 35 36 39 41 43 46 50 52 53 58 61 62 65 66 69 72 77 80 81 88 89 90 91 92 94 96 98 109 110 111 112 115 116 120 122 123 124 127 129 133 137 139 145 147 148 153 155 156 158 163 164 165 166 167 
4 5 10 11 15 22 24 35 36 37 43 46 47 58 61 62 66 80 81 88 90 91 94 109 112 116 120 125 126 127 128 129 137 146 147 148 153 155 156 158 164 165 
5 9 10 12 13 22 23 24 31 35 36 41 42 43 46 47 52 58 61 62 66 68 69 72 76 77 79 80 81 86 88 90 91 94 97 100 105 106 109 111 112 115 116 117 120 127 129 132 133 135 136 137 138 139 146 155 156 158 159 161 164 165 166 167 
6 8 9 12 15 17 19 22 23 25 27 28 32 33 34 41 44 49 52 53 54 57 60 62 63 64 67 69 72 77 79 84 85 86 88 95 96 98 99 100 102 105 106 107 111 114 115 117 121 122 130 131 132 133 134 141 143 144 146 152 154 157 161 166 
7 13 18 20 22 26 47 55 68 83 89 95 114 119 133 135 145 151 153 158 167 
8 14 17 20 22 23 24 25 27 31 32 39 42 50 52 53 54 59 67 69 72 74 75 77 78 83 89 95 96 97 98 99 107 108 109 114 119 121 122 123 124 133 139 143 150 151 153 162 163 168 
9 10 21 23 24 26 41 43 47 52 55 58 61 62 77 81 88 90 91 92 94 109 111 112 115 116 120 125 127 129 137 147 155 156 158 161 164 165 166 167 
10 15 17 18 20 21 22 23 24 26 34 35 36 37 43 46 47 53 57 58 59 61 62 64 66 69 72 77 79 80 81 83 84 88 89 90 91 94 99 102 103 104 105 106 107 109 110 111 112 115 116 117 120 125 126 127 129 133 136 137 138 139 142 147 148 149 151 153 155 156 158 159 164 165 167 
11 22 23 26 35 36 37 40 43 47 48 58 61 72 74 80 81 82 83 90 94 95 104 105 108 109 110 120 125 126 128 129 134 142 147 148 151 153 155 156 158 164 165 166 
12 15 16 17 19 20 21 23 25 27 28 30 32 34 39 42 44 45 49 50 51 52 53 56 57 59 60 62 64 66 67 70 71 72 77 78 79 84 85 86 93 96 99 100 101 102 103 104 105 106 107 117 121 122 130 131 132 138 140 143 144 146 153 154 157 161 168 
13 20 23 25 37 47 48 55 61 66 68 88 90 94 105 114 125 135 136 139 152 158 159 160 165 
14 18 22 25 29 30 38 42 51 52 59 60 69 72 77 91 95 96 99 100 102 119 120 121 138 144 145 152 160 162 163 164 
15 17 19 20 21 22 25 26 27 28 30 32 33 34 36 37 39 40 41 42 44 45 46 47 48 49 50 51 53 54 55 57 58 59 60 63 64 65 66 67 68 71 72 78 79 80 81 84 85 86 89 91 93 96 99 100 101 102 103 104 105 106 107 109 111 117 121 122 125 126 130 131 132 134 135 137 138 143 144 146 151 153 154 157 159 160 161 163 164 165 168 
16 17 19 20 21 26 28 29 34 39 42 44 45 47 52 53 54 56 57 64 66 67 68 77 83 84 85 86 95 97 108 109 121 135 138 139 140 142 143 149 151 152 153 161 163 
17 19 20 21 25 27 28 30 33 34 40 42 44 45 50 54 57 60 62 64 66 70 71 72 78 79 84 85 86 93 96 97 98 99 100 101 102 103 104 105 106 107 109 111 117 118 122 123 131 132 134 138 143 144 146 153 154 157 161 168 
18 20 22 24 25 26 31 35 39 42 43 47 52 53 54 55 58 61 62 68 69 71 72 76 77 80 88 95 99 102 107 108 109 112 116 119 121 127 129 133 135 138 139 140 148 151 152 153 158 160 167 
19 20 24 25 27 28 29 31 32 34 36 39 41 42 44 45 46 50 52 53 54 56 57 59 61 62 64 67 68 69 72 73 79 80 85 86 87 93 95 97 100 104 105 106 107 108 109 114 117 118 121 122 123 130 132 133 138 140 142 143 144 146 151 153 154 157 161 166 167 
20 21 22 24 25 26 28 30 31 32 33 34 35 39 41 43 44 47 49 50 53 54 56 59 60 62 66 67 69 70 72 73 79 80 83 84 89 95 97 99 100 101 102 106 107 108 109 110 111 112 114 116 117 118 119 121 122 123 124 125 127 130 135 136 140 143 144 145 147 148 153 154 157 158 159 161 162 163 167 168 
21 22 23 24 26 29 30 33 34 36 37 38 39 40 41 42 44 45 47 48 49 50 51 52 54 57 60 64 65 66 68 69 71 72 77 78 79 81 83 84 85 86 89 91 97 99 100 101 102 103 104 105 106 107 109 111 115 117 126 129 130 131 132 133 134 135 137 140 141 142 143 144 146 147 151 152 153 161 162 165 168 
22 23 24 25 26 28 30 31 33 34 35 36 37 39 40 43 47 48 50 52 54 55 56 57 58 59 60 61 62 64 65 66 68 69 72 74 76 77 79 80 82 83 84 85 88 89 90 91 95 96 97 99 101 102 106 107 109 110 111 114 119 120 122 123 124 125 126 127 128 129 131 133 134 135 136 141 143 144 145 149 151 152 153 154 156 157 158 159 160 163 164 165 166 167 
23 24 26 27 33 34 35 37 39 42 43 44 45 46 47 51 52 53 55 57 60 61 63 65 66 67 68 69 72 74 80 81 82 84 87 88 90 93 97 98 99 102 103 105 106 107 109 110 111 112 113 114 115 116 117 120 123 126 128 129 131 132 133 135 136 137 139 140 142 143 144 147 148 149 151 155 156 158 159 161 163 165 167 
24 25 26 29 31 35 39 42 43 52 53 58 59 61 62 66 69 72 80 81 87 88 91 92 94 95 98 108 109 111 112 115 120 123 125 127 129 132 133 137 139 147 148 153 155 156 158 159 163 164 167 
25 27 28 30 31 32 33 34 38 40 44 49 50 52 53 54 56 57 59 60 61 64 65 67 69 72 77 78 79 83 84 85 86 93 96 98 99 100 101 102 103 104 105 106 107 111 117 119 120 121 122 123 130 132 133 138 140 143 144 145 146 150 154 157 161 163 167 
26 31 34 45 46 47 50 51 52 53 54 55 57 58 59 60 61 62 65 66 68 69 72 74 79 82 86 88 89 91 95 97 99 106 107 108 109 111 112 114 115 116 117 118 119 122 123 126 130 133 135 138 139 142 147 149 153 158 161 162 163 165 166 167 
27 28 30 31 32 33 42 43 44 49 50 51 52 53 57 59 62 63 64 69 70 71 72 78 79 84 85 86 89 93 96 97 98 100 103 104 105 106 107 113 117 120 122 123 130 132 133 134 138 139 143 144 146 147 150 153 154 157 161 163 168 
28 30 32 34 42 44 45 50 51 52 53 54 56 57 59 62 64 66 67 72 77 78 79 84 85 86 91 93 96 97 98 99 100 101 102 103 104 105 106 107 109 117 121 122 130 131 132 134 138 140 143 144 146 153 154 157 161 163 168 
29 30 34 38 39 45 51 54 59 60 64 69 70 72 97 98 103 104 108 113 121 123 124 133 134 142 143 150 152 162 
30 33 34 38 39 41 42 44 45 51 54 57 59 60 64 66 69 71 72 77 78 79 84 85 86 91 95 100 101 102 103 104 105 106 107 109 117 122 130 131 132 134 138 139 143 144 152 153 157 161 162 163 168 
31 32 33 42 43 44 45 50 52 53 59 63 67 69 70 72 76 79 89 92 93 95 96 97 98 99 100 101 106 107 109 114 117 119 121 122 123 124 133 135 139 143 144 145 159 161 162 163 
32 33 34 39 41 42 44 50 52 53 55 56 57 59 62 64 67 69 70 72 77 78 79 84 85 86 93 96 98 99 100 102 103 104 105 106 107 116 117 121 122 123 130 131 132 133 138 139 140 143 144 146 153 154 157 161 163 168 
33 34 39 41 42 44 49 50 51 52 53 54 57 60 62 64 66 67 69 70 71 72 75 77 78 79 84 85 86 97 99 100 101 102 103 104 105 106 107 117 122 123 130 131 132 133 134 135 138 140 143 144 145 146 150 152 153 154 157 159 161 162 168 
34 41 42 44 45 47 49 50 51 52 53 54 57 60 62 64 66 68 69 70 71 72 76 77 78 79 84 85 86 91 95 99 100 101 102 103 104 105 106 107 108 109 117 123 130 131 132 133 134 138 140 142 143 144 146 153 154 157 161 168 
35 36 37 43 46 47 53 58 59 61 62 66 69 80 81 86 88 90 94 95 100 102 105 107 108 109 111 112 116 120 125 126 127 128 129 133 136 137 142 147 148 155 156 158 160 163 164 165 167 
36 37 43 46 47 58 59 61 66 79 80 81 83 88 90 91 94 95 103 104 106 109 111 112 116 120 125 126 127 129 136 147 148 153 154 155 156 157 158 164 165 167 
37 43 47 58 61 62 63 66 68 80 81 87 88 89 90 91 92 95 102 103 108 109 110 111 120 125 126 127 128 129 135 136 137 147 149 151 153 156 158 159 164 165 166 
38 39 51 52 60 69 97 151 152 162 
39 40 42 46 48 50 51 52 53 55 59 63 65 66 69 71 72 74 75 77 82 83 87 91 95 96 97 98 102 103 105 107 108 109 110 117 118 119 121 122 132 133 134 137 143 146 149 151 152 153 160 162 163 165 168 
40 43 48 65 71 73 74 75 79 82 83 84 85 100 102 105 106 114 118 125 135 141 144 151 153 160 165 168 
41 42 44 45 48 49 50 51 52 53 54 57 61 62 64 66 68 70 71 73 75 77 79 84 85 88 91 94 97 100 101 102 103 104 105 106 107 109 111 112 115 116 117 118 123 127 130 131 132 133 134 143 144 146 148 149 153 154 157 158 161 166 168 
42 44 45 49 50 51 52 53 54 56 57 63 64 66 69 70 71 75 78 79 84 85 86 92 93 95 96 98 99 100 101 102 103 104 105 106 107 113 117 118 120 122 123 130 131 132 133 134 138 140 143 144 146 150 151 152 154 157 161 167 168 
43 47 55 58 61 62 65 69 74 77 80 81 82 87 88 90 91 92 94 95 102 108 109 110 111 112 115 116 119 120 125 126 127 128 129 131 134 136 137 147 148 149 151 153 155 156 158 160 163 164 165 167 
44 49 50 51 52 53 54 56 57 59 62 64 67 69 70 72 77 78 79 84 85 86 91 93 96 99 100 101 102 103 104 105 106 107 117 121 122 123 130 131 132 133 134 138 140 143 144 146 153 154 157 161 
45 47 50 51 52 54 55 56 57 60 62 64 66 67 68 70 71 76 77 79 84 85 86 89 91 93 95 100 101 102 103 104 105 106 108 117 130 131 132 135 138 139 141 142 143 144 145 151 153 161 
46 54 59 61 62 66 79 80 81 83 88 91 92 95 96 97 102 104 106 107 109 111 112 116 119 120 121 122 127 130 134 136 143 147 154 157 158 160 163 165 166 167 
47 48 50 51 55 57 58 60 62 66 68 76 77 80 81 84 89 90 95 102 103 105 106 108 111 114 115 116 119 120 125 126 127 128 129 131 135 137 139 141 142 149 151 153 156 158 159 164 165 
48 52 54 65 71 74 75 79 82 84 90 102 103 104 105 106 114 135 141 142 151 153 160 168 
49 50 51 52 53 54 57 60 63 64 67 69 70 71 75 77 78 79 84 85 93 96 99 100 101 102 103 104 105 106 107 113 117 121 123 130 131 132 134 140 143 144 146 153 161 162 168 
50 52 53 54 59 62 65 66 67 70 71 72 78 79 83 84 85 89 93 95 96 97 98 99 100 101 102 103 104 105 106 107 108 109 110 114 116 117 119 121 122 123 124 130 131 132 133 139 143 144 151 153 154 157 161 162 163 168 
51 52 54 60 62 64 66 67 68 69 71 72 77 78 79 84 85 91 100 101 102 103 104 105 106 130 131 133 134 142 143 144 145 152 153 154 157 161 162 
52 53 54 57 58 60 61 62 64 69 70 71 72 74 75 77 79 82 83 84 85 88 95 96 97 98 99 100 102 103 104 105 108 109 111 115 117 118 121 122 123 124 127 129 130 131 132 133 134 143 144 146 147 151 152 153 154 157 161 162 166 168 
53 54 57 58 59 60 64 66 67 69 70 72 77 79 85 93 95 97 98 99 100 101 102 103 104 105 106 107 112 114 116 117 118 121 122 123 130 131 132 133 138 140 143 144 146 154 157 158 161 162 163 167 168 
54 56 57 64 67 69 71 73 74 75 77 78 79 83 84 85 88 90 96 97 99 100 101 102 103 104 105 106 107 114 117 118 121 122 123 124 129 130 131 132 133 134 135 140 143 144 146 150 151 153 154 157 159 161 162 168 
55 61 62 66 68 69 76 80 81 87 88 90 109 112 115 116 118 119 120 126 127 129 130 136 137 140 141 151 158 163 165 166 
56 59 64 65 67 72 77 84 85 86 93 104 105 107 121 130 138 139 140 143 146 152 153 154 157 161 
57 60 62 64 66 68 69 70 71 77 78 79 84 85 86 93 96 97 98 99 100 101 102 103 104 105 106 107 111 113 117 122 130 131 132 133 134 137 138 140 143 144 146 153 154 157 161 168 
58 61 62 66 69 72 80 81 88 89 90 94 95 109 111 112 115 116 120 125 126 127 128 129 133 135 136 137 147 148 151 153 155 156 158 160 164 165 166 167 
59 67 70 72 78 79 83 95 96 98 99 100 104 105 106 107 113 117 119 121 122 123 130 138 139 144 146 150 154 157 163 
60 62 64 66 69 77 79 84 85 86 91 97 99 101 102 103 106 107 114 117 118 131 134 137 141 143 144 150 152 153 159 162 165 166 
61 62 66 68 69 72 77 79 80 85 87 88 90 91 92 94 109 110 111 112 114 115 116 120 126 127 128 129 133 135 136 137 145 147 148 149 153 155 156 158 159 161 164 165 166 167 
62 64 66 67 68 69 72 77 78 84 85 86 88 91 94 95 99 100 102 107 109 111 112 115 116 120 123 125 126 127 128 130 132 133 134 137 138 142 143 144 145 147 148 149 151 152 153 154 156 157 158 161 163 165 166 167 
63 70 75 78 87 93 95 96 97 98 102 103 113 117 118 120 123 136 137 150 153 159 163 165 
64 65 66 68 69 70 71 72 75 77 78 79 84 85 86 93 96 99 100 101 102 103 104 105 106 107 117 122 130 131 132 133 134 138 140 143 144 146 151 152 153 154 157 161 168 
65 66 69 71 72 73 74 75 82 102 105 107 109 110 111 119 120 124 133 137 141 142 151 152 153 159 160 163 165 167 168 
66 71 72 79 80 81 83 84 88 89 90 91 95 96 97 98 99 100 101 102 103 104 105 106 107 108 109 110 111 112 116 117 118 120 122 125 126 127 128 129 130 131 132 135 136 137 143 144 146 147 149 150 151 153 156 157 158 159 161 162 163 164 165 166 167 168 
67 70 72 73 79 85 88 96 99 100 104 105 106 107 116 117 118 120 121 122 123 124 130 131 133 135 137 138 143 144 146 153 154 157 161 162 163 168 
68 70 71 76 77 79 84 85 90 93 95 100 104 105 106 108 109 112 116 117 125 126 127 128 129 130 131 132 133 135 138 139 141 142 144 145 147 151 153 161 163 168 
69 72 75 76 77 83 84 85 86 90 95 97 98 99 102 103 105 107 109 114 117 121 122 123 130 131 132 133 134 135 140 143 144 145 151 152 153 154 157 160 161 162 163 167 
70 72 75 78 84 85 86 93 95 96 97 98 99 107 111 113 117 118 121 122 124 131 132 138 140 143 146 161 
71 73 74 75 78 79 82 84 85 96 97 100 101 102 103 104 105 106 108 113 117 118 119 130 131 132 133 134 135 138 143 144 146 151 152 153 154 157 160 161 163 166 167 168 
72 73 77 78 79 84 85 86 91 93 95 96 97 99 100 101 102 103 104 105 106 107 109 112 117 118 120 121 122 123 124 130 131 132 133 134 138 140 143 144 146 150 151 152 153 154 157 158 159 161 162 163 166 167 168 
73 74 83 85 97 99 118 124 131 168 
74 75 82 95 96 97 105 113 118 125 150 153 160 168 
75 78 82 83 84 85 86 93 96 97 99 102 105 113 121 124 130 131 133 134 143 144 151 152 153 159 162 168 
76 89 105 108 119 135 137 139 141 142 145 151 153 159 
77 84 85 86 88 89 90 91 93 99 102 106 107 109 111 115 118 122 123 129 131 132 134 137 140 141 142 143 145 146 150 151 152 153 154 161 162 163 166 
78 79 84 85 86 93 95 96 97 98 100 101 103 104 105 106 107 111 113 117 120 121 122 123 130 131 132 138 139 143 144 146 150 153 154 157 159 161 162 168 
79 80 84 85 86 89 91 93 96 97 99 100 101 102 103 104 105 106 107 109 114 117 121 122 123 125 130 131 132 133 134 135 138 143 144 146 153 154 157 160 161 167 168 
80 81 88 89 90 94 100 105 106 109 111 112 116 120 125 126 127 128 129 136 137 147 148 149 153 154 155 156 157 158 164 165 167 
81 90 91 94 109 112 115 116 120 125 126 127 128 129 136 137 147 148 153 155 156 158 164 165 167 
82 90 95 97 105 121 124 125 126 139 141 149 151 152 153 160 165 
83 90 91 93 96 97 98 105 108 109 118 121 122 124 125 132 133 136 137 143 144 146 151 153 154 157 159 160 162 163 165 168 
84 85 86 93 99 100 101 102 103 104 105 106 107 109 111 117 122 129 130 131 132 133 134 135 137 138 140 143 144 146 152 153 154 157 159 161 167 168 
85 86 88 93 96 99 100 101 102 103 104 105 106 107 113 117 118 122 123 130 131 132 133 134 138 140 143 144 145 146 150 152 153 154 157 159 161 162 163 166 168 
86 93 99 100 101 102 103 104 105 106 107 109 117 122 130 132 134 138 140 143 144 146 150 152 153 154 157 159 160 161 
87 109 110 116 120 126 128 137 149 159 165 166 
88 91 92 94 109 110 111 112 115 116 120 127 128 129 133 136 137 145 147 148 149 155 156 158 159 164 165 166 167 
89 90 95 96 106 109 111 114 122 123 125 135 136 137 138 139 142 151 153 156 161 164 165 167 
90 93 94 96 103 105 109 110 111 112 113 115 120 125 126 127 128 129 130 135 137 139 141 147 148 149 151 153 154 155 156 157 158 160 164 165 166 167 
91 92 98 99 102 103 106 109 111 112 115 116 118 120 125 126 127 129 130 133 135 136 137 138 142 147 148 151 153 155 156 158 161 164 165 166 167 
92 94 97 109 111 112 115 116 127 129 135 155 156 158 166 167 
93 95 96 97 98 99 100 103 105 106 113 117 118 121 122 123 124 125 130 131 132 133 138 140 143 144 145 146 150 152 153 154 157 161 162 165 
94 109 111 112 115 120 125 126 127 129 136 147 148 155 156 158 164 165 166 167 
95 99 102 108 119 121 124 125 126 130 133 135 136 139 142 149 151 153 158 159 161 162 163 166 167 
96 97 98 100 103 105 106 107 109 113 117 120 121 122 123 132 138 139 143 144 146 150 153 154 157 161 163 165 168 
97 98 99 107 108 109 113 116 117 118 121 122 123 124 131 132 134 138 140 143 150 151 153 159 162 163 168 
98 105 111 113 117 118 121 122 123 124 127 129 131 132 133 134 137 139 143 144 145 146 147 150 153 159 162 163 168 
99 100 101 102 103 106 107 109 114 116 117 118 121 122 131 133 134 136 137 138 142 144 145 153 154 157 161 163 167 
100 101 102 103 104 105 106 107 111 117 121 122 130 131 132 133 134 138 140 143 144 146 150 153 154 157 161 167 168 
101 102 103 104 105 106 107 117 121 122 123 130 131 132 134 137 138 143 144 146 153 154 157 161 168 
102 103 104 105 106 107 113 117 118 121 130 131 132 133 134 136 137 138 141 142 143 144 146 151 153 154 157 161 163 168 
103 104 105 106 107 111 117 122 130 131 132 133 134 137 138 143 144 146 150 151 153 154 157 159 161 162 167 168 
104 105 106 107 117 130 131 132 134 138 140 143 144 146 153 154 157 158 160 161 167 168 
105 106 107 117 121 122 125 129 130 131 132 133 134 135 138 140 143 144 145 146 150 151 152 153 154 157 160 161 164 168 
106 107 114 117 122 125 130 131 132 133 134 135 137 138 140 143 144 146 151 153 154 157 159 161 168 
107 109 111 114 117 118 121 122 123 124 130 131 132 133 134 135 138 143 144 146 153 154 157 161 168 
108 119 121 123 124 133 139 140 142 143 161 162 166 
109 110 111 112 114 115 116 118 119 121 122 126 127 128 129 133 134 136 137 138 139 143 147 148 149 151 152 153 155 156 158 159 161 163 164 165 166 167 168 
110 111 116 120 125 126 127 128 137 145 149 159 165 166 
111 112 115 116 120 125 126 127 129 133 135 136 137 141 145 147 151 152 153 155 156 158 159 161 163 164 165 166 167 
112 115 116 120 127 129 135 136 137 147 148 153 155 156 158 163 164 165 166 167 
113 117 120 125 138 156 159 162 165 
114 116 118 119 122 123 131 135 136 141 159 161 166 168 
115 116 120 125 127 129 137 147 155 156 158 161 164 165 166 167 
116 120 126 127 129 136 137 147 149 153 156 158 159 163 164 166 167 
117 121 122 123 130 131 132 134 138 140 143 144 146 150 153 154 157 161 168 
118 121 122 124 133 142 150 160 168 
119 121 123 124 135 142 151 160 163 168 
120 125 126 127 128 129 136 137 142 144 147 148 149 153 155 156 158 163 164 165 166 167 
121 122 123 124 132 133 138 140 143 144 146 153 154 157 161 162 163 168 
122 123 124 125 130 131 132 133 138 139 143 144 146 150 153 154 157 161 162 163 168 
123 130 132 133 139 140 143 144 150 161 162 163 
124 131 133 143 160 162 163 168 
125 126 127 128 129 135 136 137 141 143 147 148 149 151 153 154 155 156 157 158 159 164 165 167 
126 127 128 129 137 147 148 149 151 153 155 156 158 159 164 165 166 
127 128 129 137 147 148 155 156 158 160 164 165 166 167 
128 129 137 147 149 151 153 155 156 158 164 165 166 
129 136 137 141 147 148 149 151 153 155 156 158 164 165 167 
130 131 132 133 134 138 140 142 143 144 146 153 154 157 160 161 168 
131 132 133 134 137 138 141 143 144 146 153 154 157 161 162 166 168 
132 133 134 138 140 143 144 146 153 154 157 161 168 
133 134 135 139 140 142 143 144 151 152 153 158 159 163 167 168 
134 135 140 143 144 146 151 152 153 154 157 161 167 
135 137 139 142 145 151 152 153 156 159 160 163 164 165 
136 137 147 150 153 154 156 157 158 159 165 167 
137 138 139 143 144 146 147 148 149 151 153 156 158 159 160 163 164 166 167 
138 140 142 143 144 146 151 153 154 157 161 
139 140 145 149 151 153 159 163 
140 143 146 149 154 157 161 
141 153 165 
142 161 
143 144 146 150 153 154 157 161 162 163 168 
144 146 153 154 157 161 168 
145 151 152 162 166 
146 150 153 154 157 161 162 168 
147 148 153 155 156 158 164 165 167 
148 153 155 156 158 164 165 166 167 
149 155 156 158 159 165 166 
150 153 166 
151 152 153 154 155 157 160 165 
152 153 154 157 160 161 162 
153 154 155 156 157 158 159 160 161 163 164 165 167 168 
154 157 160 161 162 168 
155 156 158 164 165 167 
156 158 164 165 166 167 
157 160 161 162 168 
158 159 164 165 166 167 
159 162 166 167 
160 168 
161 168 
162 168 
163 166 168 
164 165 166 167 
165 166 167 
166 167 
167 
168 
[0, 5, 1, 4, 4, 4, 0, 1, 3, 4, 4, 4, 0, 1, 5, 0, 0, 0, 1, 3, 3, 5, 1, 4, 4, 0, 1, 3, 0, 5, 5, 3, 0, 0, 0, 4, 4, 4, 5, 5, 2, 0, 0, 4, 0, 1, 4, 4, 2, 0, 3, 5, 0, 0, 0, 1, 0, 0, 4, 3, 0, 4, 4, 3, 0, 2, 4, 0, 1, 0, 0, 2, 0, 2, 2, 2, 1, 0, 0, 0, 4, 4, 2, 3, 0, 0, 0, 4, 4, 1, 4, 4, 4, 3, 4, 1, 3, 3, 3, 0, 0, 0, 0, 0, 0, 0, 0, 0, 1, 4, 4, 4, 4, 3, 1, 4, 4, 0, 2, 1, 4, 0, 3, 3, 3, 4, 4, 4, 4, 4, 0, 0, 0, 0, 5, 1, 4, 4, 0, 1, 0, 1, 1, 5, 0, 1, 0, 4, 4, 4, 0, 1, 5, 0, 0, 4, 4, 0, 4, 4, 2, 0, 5, 3, 4, 4, 4, 4, 2]