0 13 28 50 
1 10 11 14 17 20 23 28 36 40 43 
2 4 10 11 19 40 48 49 54 70 
3 7 9 10 11 16 18 22 23 32 33 36 47 
4 19 20 24 25 30 33 38 40 50 65 
5 6 7 21 29 37 45 72 
6 7 18 19 24 38 45 
7 32 37 38 46 48 72 89 
8 12 17 24 37 38 39 47 
9 10 15 16 23 32 36 38 48 49 
10 16 30 37 39 40 42 
11 16 20 24 33 37 39 47 
12 19 22 28 34 39 42 
13 27 39 65 66 
14 15 20 23 24 26 29 39 45 62 
15 17 22 23 27 32 38 42 45 48 54 58 
16 21 24 28 48 49 65 
17 21 24 27 36 85 89 
18 27 32 34 45 
19 37 40 43 46 
20 23 27 32 35 36 37 40 44 45 46 49 
21 36 38 43 48 
22 29 31 32 33 35 36 
23 25 28 39 40 49 94 
24 28 43 47 66 99 
25 27 35 40 49 
26 37 39 41 45 47 70 95 
27 29 31 32 47 83 89 
28 32 33 34 38 44 79 
29 36 44 
30 32 34 35 37 38 43 82 90 
31 36 41 42 96 
32 33 37 40 44 58 70 81 
33 34 36 43 
34 
35 81 
36 37 40 43 46 49 88 
37 45 47 81 
38 43 61 93 
39 68 88 
40 42 46 
41 87 90 97 
42 43 97 
43 45 46 64 87 
44 
45 46 
46 58 69 82 
47 48 95 96 
48 
49 68 70 
50 54 55 59 60 71 97 
51 53 59 65 73 74 81 87 90 93 97 
52 59 63 68 
53 59 66 69 71 72 74 87 88 91 
54 55 59 63 68 79 81 83 94 
55 59 65 71 72 78 80 81 83 90 
56 64 65 66 67 70 71 73 74 75 80 81 93 95 
57 61 65 69 87 92 93 97 
58 68 74 75 77 80 85 98 
59 66 78 91 99 
60 69 76 83 90 
61 62 67 68 70 82 86 92 
62 84 93 99 
63 76 79 87 93 
64 66 68 70 78 83 
65 68 70 81 87 88 89 90 97 
66 79 89 93 95 
67 73 77 80 81 82 84 91 98 
68 72 90 93 
69 71 72 75 97 
70 73 77 79 84 88 92 99 
71 75 81 83 86 88 95 99 
72 75 98 99 
73 75 80 81 95 
74 81 90 92 96 
75 78 
76 77 80 81 95 
77 78 80 81 83 84 85 87 91 93 96 98 
78 79 82 84 87 96 97 98 
79 80 
80 85 86 88 90 91 
81 82 83 92 
82 85 93 94 
83 89 91 92 98 
84 
85 89 97 
86 91 99 
87 91 99 
88 89 91 
89 92 93 
90 98 
91 94 95 
92 95 96 97 98 
93 94 99 
94 
95 97 
96 
97 99 
98 
99 
[0, 0, 0, 0, 0, 0, 0, 0, 0, 0, 0, 0, 0, 0, 0, 0, 0, 0, 0, 0, 0, 0, 0, 0, 0, 0, 0, 0, 0, 0, 0, 0, 0, 0, 0, 0, 0, 0, 0, 0, 0, 0, 0, 0, 0, 0, 0, 0, 0, 0, 1, 1, 1, 1, 1, 1, 1, 1, 1, 1, 1, 1, 1, 1, 1, 1, 1, 1, 1, 1, 1, 1, 1, 1, 1, 1, 1, 1, 1, 1, 1, 1, 1, 1, 1, 1, 1, 1, 1, 1, 1, 1, 1, 1, 1, 1, 1, 1, 1, 1]