0 6 8 12 14 17 21 22 31 40 44 67 69 71 72 75 76 81 85 88 109 110 111 113 114 116 117 119 123 124 134 150 156 172 173 175 176 186 189 191 202 204 208 211 216 221 222 223 224 227 230 237 240 263 267 277 278 284 295 297 298 299 305 325 328 329 335 347 364 368 372 373 389 392 406 
1 2 9 10 19 50 54 58 63 78 82 89 90 91 99 115 133 139 145 147 151 152 159 161 162 182 186 187 205 239 242 265 274 275 283 288 301 308 311 324 333 334 386 387 414 415 416 
2 9 10 23 30 33 38 43 49 50 51 54 58 60 61 63 67 72 74 78 79 81 82 89 90 91 93 95 98 99 101 102 104 105 107 109 115 117 118 122 127 132 136 137 139 144 145 146 149 151 152 155 157 159 166 168 178 180 181 186 188 189 196 202 205 206 210 213 214 216 218 228 230 236 238 242 249 253 255 257 258 260 264 265 270 272 273 274 278 279 281 282 283 287 288 289 294 296 298 301 303 306 307 308 310 311 315 317 319 320 323 327 331 333 334 339 340 344 345 346 347 349 353 354 357 358 369 370 375 379 382 386 387 391 395 399 403 404 411 414 415 416 417 418 
3 10 15 33 34 47 50 51 54 58 63 78 82 90 91 93 98 99 105 112 115 145 151 159 166 168 185 186 187 196 205 206 218 236 249 258 260 265 272 274 279 281 287 294 296 301 306 310 311 315 321 334 347 353 354 357 369 387 404 415 416 
4 6 8 12 16 17 19 21 22 34 40 44 45 69 75 76 80 81 82 88 94 109 110 113 117 119 123 124 148 150 151 156 172 175 176 178 186 189 195 197 199 202 204 208 213 221 222 223 227 230 237 240 267 277 278 284 295 297 298 305 314 317 328 347 356 372 392 395 414 
5 19 39 287 305 319 347 384 394 
6 7 8 12 14 17 22 31 33 40 69 75 76 77 81 88 109 110 111 113 117 134 141 150 172 175 176 184 189 195 202 208 216 221 222 230 237 267 276 278 284 295 297 298 299 301 344 364 366 372 373 414 
7 12 17 21 22 28 33 34 47 54 60 69 70 76 79 81 88 93 94 105 109 111 116 117 138 144 166 169 170 173 180 184 189 193 195 196 199 204 208 216 227 230 237 255 263 267 273 278 284 295 298 299 335 352 353 356 359 373 377 378 386 395 413 414 
8 12 17 21 22 30 33 34 40 44 54 63 67 68 69 71 75 76 77 78 80 81 82 85 88 90 93 109 110 111 113 115 117 119 124 134 138 139 150 151 156 172 173 174 176 178 184 186 189 191 194 195 199 202 206 208 211 213 214 216 221 222 223 227 230 237 240 255 257 258 263 266 267 273 275 276 278 279 284 295 297 298 299 300 301 305 317 325 334 335 347 356 359 364 372 373 376 386 392 393 395 406 414 
9 30 33 38 43 50 54 58 61 63 82 90 99 149 151 152 162 166 168 186 196 236 249 258 265 274 279 283 304 307 308 311 323 326 333 334 370 379 415 416 
10 13 15 19 28 33 34 38 51 54 58 60 74 78 79 82 89 90 95 97 99 105 109 115 122 145 146 149 151 155 159 162 166 168 187 196 205 206 214 218 228 229 236 238 249 258 260 265 274 282 283 289 296 301 305 315 322 324 333 344 346 347 349 353 379 386 387 391 399 416 
11 12 16 17 21 22 31 33 34 35 36 40 44 69 71 75 76 80 81 82 86 88 93 109 110 111 113 114 116 117 119 123 124 132 134 139 141 150 151 172 173 176 186 189 190 195 202 204 208 211 213 216 221 222 223 227 228 230 237 240 258 263 267 273 276 278 284 286 295 297 298 299 300 305 317 319 335 342 347 352 356 357 364 372 373 385 386 387 389 392 397 414 
12 22 54 69 109 176 221 277 278 284 366 368 406 
13 27 30 33 34 43 47 48 54 59 65 82 88 93 99 103 104 105 108 109 117 121 135 151 154 164 165 170 177 178 183 186 190 212 216 217 219 230 242 243 257 259 278 295 298 299 301 302 305 319 321 325 337 338 347 349 356 361 374 380 398 403 412 414 416 
14 17 21 22 31 34 40 44 45 47 52 53 68 69 71 75 76 77 80 81 88 92 98 109 110 111 113 117 124 134 150 163 172 176 184 189 202 204 211 216 221 222 223 230 237 267 273 278 284 295 297 298 317 325 328 335 347 372 389 
15 33 34 38 50 51 54 58 72 78 82 89 90 93 102 115 139 146 149 151 166 187 196 216 218 233 236 239 249 258 260 274 289 294 333 379 391 408 416 
16 17 20 21 22 32 33 35 40 43 44 45 49 53 57 60 63 67 69 71 75 76 77 80 81 82 92 93 104 105 107 109 110 111 113 114 117 119 123 124 134 137 145 148 150 151 170 172 176 184 189 190 195 202 204 208 212 214 221 222 223 225 227 230 237 241 249 266 267 273 275 276 278 284 286 295 297 298 299 300 316 317 328 347 353 361 363 364 372 376 378 386 387 389 392 395 406 414 
17 22 31 40 53 56 69 71 75 76 80 81 88 105 109 110 117 123 124 130 131 138 141 150 173 174 176 178 184 189 194 199 211 216 222 230 237 261 267 276 277 284 286 297 298 325 328 359 366 368 376 378 380 385 
18 
19 23 33 34 43 50 51 54 57 58 60 63 78 82 89 90 91 93 95 98 99 105 115 122 127 133 136 144 145 151 159 161 166 168 170 172 180 185 186 187 196 202 203 205 206 214 216 228 229 231 236 247 249 253 255 257 258 265 272 274 275 278 279 283 287 289 293 294 296 301 305 307 315 321 322 327 333 334 340 346 347 349 353 354 365 366 379 384 386 387 391 395 399 403 414 416 417 
20 23 33 34 38 46 50 51 54 58 60 63 78 79 82 86 89 90 91 98 99 104 105 109 111 115 122 127 133 139 144 145 146 149 151 157 159 161 162 166 168 172 186 187 188 196 202 206 210 216 218 228 236 238 239 249 253 254 257 258 260 265 274 275 279 283 287 289 296 305 307 308 310 320 333 337 346 347 353 354 357 358 363 375 386 387 395 403 404 413 416 417 
21 22 31 35 40 44 47 56 67 69 75 76 80 81 88 109 110 113 116 117 119 123 124 138 150 172 176 178 180 184 189 195 199 202 216 221 222 223 224 225 226 230 237 263 267 278 284 295 297 298 305 317 325 347 359 364 372 389 392 
22 31 54 69 77 80 81 94 110 138 141 150 168 175 176 208 221 222 269 276 278 284 295 300 305 344 355 359 366 368 372 
23 33 34 38 43 49 50 51 54 58 63 69 72 78 81 82 86 89 90 91 93 95 98 99 102 104 105 107 115 122 127 132 133 136 137 139 144 145 146 147 149 151 159 161 162 166 168 170 180 186 187 188 196 202 203 205 206 216 218 221 228 236 237 238 242 248 249 253 257 258 265 274 275 279 283 287 288 289 296 301 305 306 307 308 311 315 320 327 333 334 336 345 346 347 349 353 354 358 369 375 379 382 386 387 399 403 404 405 411 414 416 417 
24 34 38 49 50 58 60 63 78 82 89 90 91 98 105 115 127 136 145 152 157 166 180 202 205 210 218 228 236 253 258 274 275 287 289 294 296 301 306 307 333 346 347 349 353 354 369 379 386 387 395 403 416 417 
25 49 50 51 54 58 60 63 78 82 89 90 91 98 99 105 115 145 149 166 168 180 196 206 210 228 236 249 257 258 260 264 265 274 275 279 281 287 296 301 306 307 319 347 353 354 369 379 386 403 416 417 
26 31 40 44 52 63 69 75 76 80 81 88 109 113 117 119 123 124 150 156 172 176 178 189 195 199 202 204 216 222 223 230 284 297 298 299 305 317 347 356 372 392 395 405 
27 30 54 65 108 135 141 154 164 168 183 212 216 233 243 267 284 305 319 337 338 347 350 361 412 
28 40 44 52 67 69 71 76 82 88 89 109 110 115 117 119 123 150 176 189 195 196 202 208 211 214 216 222 223 229 230 267 278 284 289 297 305 317 347 372 378 380 385 405 412 
29 30 59 65 69 82 108 109 154 170 183 202 212 216 217 219 234 243 259 278 305 317 319 337 338 341 347 361 362 374 390 398 399 400 412 
30 58 65 135 141 152 165 183 212 216 217 305 311 319 337 338 361 412 
31 40 67 69 76 77 88 92 109 110 117 123 134 138 140 141 175 176 189 199 204 216 221 222 237 238 249 284 297 317 372 389 406 
32 35 40 45 52 56 69 71 76 81 82 83 85 92 109 110 113 116 117 119 123 124 150 156 172 176 189 197 221 222 223 224 230 237 278 284 297 298 299 305 311 316 317 344 347 372 373 392 
33 34 43 49 50 51 54 55 58 61 63 66 69 72 78 79 81 82 86 89 90 91 93 95 99 102 104 105 107 109 112 115 118 122 127 132 137 139 144 145 146 147 149 151 152 155 157 159 162 166 168 171 180 185 186 187 188 196 202 203 205 206 214 216 218 228 229 230 233 236 238 239 240 242 249 253 255 257 258 260 264 265 272 274 275 278 279 281 283 287 288 289 292 294 296 298 301 307 308 310 311 321 326 333 334 336 339 347 349 353 369 375 379 382 386 387 395 399 403 404 414 415 416 417 418 
34 47 49 50 51 54 58 60 61 63 66 69 72 74 78 79 82 86 89 90 91 93 94 98 99 101 104 105 115 117 122 123 127 132 133 139 143 144 145 146 147 149 150 151 152 159 161 162 166 168 170 171 178 180 181 186 187 188 190 195 196 202 205 206 209 210 211 214 218 227 228 230 233 236 237 238 239 242 249 253 255 257 258 260 262 263 265 267 272 274 275 276 278 279 282 283 286 287 288 289 294 296 298 299 301 305 307 308 310 311 315 317 320 322 333 334 339 340 344 346 349 352 353 354 356 357 358 370 371 373 375 382 386 387 391 395 399 403 404 411 414 415 416 417 418 
35 40 45 52 67 69 71 75 76 80 81 82 88 99 109 110 113 115 117 119 123 124 134 145 150 172 176 189 194 195 199 201 202 204 208 209 216 221 222 223 224 230 237 240 275 276 278 284 295 297 298 317 328 335 344 347 357 359 363 372 389 392 
36 69 85 119 141 176 211 221 277 278 284 305 366 
37 38 40 44 53 67 69 71 75 76 81 88 109 110 117 123 124 150 174 176 184 189 191 199 204 211 212 213 221 222 223 230 263 284 295 297 301 317 356 359 372 378 404 412 
38 50 51 54 58 61 72 74 77 78 79 82 90 91 93 99 109 112 115 137 145 146 151 159 162 166 168 171 180 185 186 187 196 205 206 218 236 238 249 258 263 265 274 279 294 296 301 307 308 315 324 333 334 336 347 349 354 357 369 382 386 387 395 403 404 411 414 415 416 418 
39 58 202 207 301 305 347 384 
40 69 71 81 85 88 109 117 119 123 134 138 141 150 157 172 176 178 195 202 211 221 222 223 224 227 230 237 249 267 284 297 314 335 339 344 347 356 366 372 389 392 395 
41 43 50 51 54 58 60 63 78 79 82 86 89 91 97 98 99 115 122 133 136 145 151 166 168 180 185 186 187 196 202 203 205 206 214 216 218 228 236 249 255 257 258 260 265 272 274 275 279 281 283 287 289 296 301 305 306 311 315 319 346 347 349 353 386 391 395 399 403 414 416 
42 58 82 96 115 172 186 207 289 305 320 347 416 
43 49 50 51 53 54 58 63 66 78 79 82 86 89 90 91 93 98 99 104 105 107 115 118 122 127 129 137 145 151 152 159 166 167 168 180 185 186 196 202 205 206 211 216 218 224 228 236 249 253 255 257 258 260 265 272 273 274 275 278 279 281 287 288 289 294 296 298 301 304 305 306 307 308 310 311 315 317 319 320 321 333 339 346 349 353 357 358 369 370 375 378 382 386 387 403 404 414 415 416 417 
44 45 53 56 69 71 75 76 80 81 92 109 110 111 113 117 123 138 150 176 189 195 202 204 216 221 222 237 240 263 276 277 284 295 297 317 328 335 347 
45 47 56 69 75 81 83 100 109 110 113 117 134 138 148 150 173 176 189 197 202 204 221 222 225 237 240 277 284 295 297 298 305 317 328 335 368 372 406 
46 49 50 51 54 58 60 78 79 82 89 91 98 99 104 105 115 122 145 151 157 166 168 180 186 196 202 203 206 216 228 236 249 257 258 260 265 279 281 283 287 294 296 305 306 308 322 347 349 353 354 357 379 386 399 403 416 
47 67 69 75 76 80 81 82 88 89 109 110 111 113 117 119 123 124 134 138 150 172 176 178 189 195 199 202 204 208 216 221 222 223 230 237 240 267 275 276 278 284 293 295 297 298 301 305 317 319 325 328 344 347 372 386 392 414 
48 69 76 88 117 176 195 199 284 366 372 406 409 
49 50 51 54 58 63 72 78 79 82 90 91 93 99 109 115 122 132 136 139 141 145 149 151 152 155 159 161 162 166 168 180 181 185 186 187 196 202 206 218 228 236 238 247 249 257 258 260 265 274 278 279 281 283 287 289 296 301 305 307 310 311 315 322 333 334 344 345 346 347 349 353 354 357 365 369 375 379 386 387 395 399 403 414 415 416 
50 51 54 58 61 63 72 74 78 79 82 86 89 90 91 93 98 99 102 105 115 122 127 129 132 139 143 145 146 147 149 151 152 159 162 166 167 168 171 180 181 185 186 188 196 202 203 205 206 218 228 236 238 249 253 257 258 260 263 265 272 274 275 278 279 281 283 284 287 288 294 296 301 305 306 307 308 320 333 336 346 347 349 352 353 357 369 371 375 379 382 386 387 399 403 404 414 415 416 417 418 
51 54 58 63 66 72 78 79 82 89 90 91 93 99 102 105 109 115 122 132 136 137 145 146 147 149 151 162 166 168 171 180 185 186 187 196 202 203 205 206 228 230 236 249 258 260 265 274 275 279 283 287 294 296 301 306 307 308 333 334 340 349 353 354 369 386 387 403 404 414 415 416 417 
52 57 63 69 71 76 80 89 96 109 111 113 116 117 119 123 124 156 172 176 184 189 195 202 208 216 222 223 230 237 278 284 297 298 305 317 325 344 347 356 357 372 373 392 
53 67 69 75 81 88 109 110 117 124 150 176 178 190 193 204 222 240 258 273 278 284 297 308 311 317 347 377 378 
54 58 61 63 72 78 81 82 89 90 91 93 99 102 105 109 115 126 136 139 145 147 149 151 152 155 161 162 166 168 171 180 185 186 187 188 203 205 206 216 218 233 236 238 243 249 251 257 258 260 265 272 274 275 278 279 287 289 294 301 307 308 311 315 324 333 334 346 347 353 354 357 379 382 386 387 395 399 404 414 415 416 
55 58 63 66 72 77 78 82 90 91 93 95 99 104 107 109 110 115 118 132 139 144 145 147 151 152 155 162 166 168 181 185 196 203 205 206 211 218 236 249 258 260 274 275 287 288 294 296 301 307 308 310 315 333 334 345 347 353 386 403 414 416 
56 69 75 76 81 88 109 110 113 115 116 117 123 124 134 141 150 176 189 191 202 204 216 221 222 223 237 241 248 267 284 295 297 299 314 328 335 347 372 
57 69 76 77 88 109 115 117 124 141 148 150 176 186 202 221 237 284 297 298 301 325 347 366 389 
58 61 63 66 78 79 82 89 90 91 93 95 98 99 104 105 109 115 117 122 127 132 137 139 141 145 147 149 151 152 155 157 159 161 162 166 168 171 172 178 180 185 186 187 188 196 202 205 206 216 218 228 236 237 238 242 249 257 258 260 265 267 272 274 275 279 281 283 287 289 294 296 301 305 306 307 308 311 319 320 324 326 333 336 340 345 347 349 353 357 360 370 375 379 382 384 386 387 395 399 403 404 414 416 417 
59 65 69 82 135 154 164 183 202 212 216 217 234 243 259 305 319 337 338 347 361 362 374 398 412 
60 63 65 78 82 86 89 91 93 98 99 104 105 115 122 127 145 146 151 152 159 166 167 180 186 187 202 205 210 212 216 228 229 236 238 253 255 257 264 265 275 283 287 289 296 305 307 315 327 340 347 349 353 357 382 386 387 391 395 403 404 405 414 416 417 
61 63 74 78 79 82 89 90 91 93 99 105 122 139 145 149 151 157 159 166 168 185 186 187 196 205 206 228 236 238 249 253 257 258 260 265 272 274 279 289 294 296 301 307 333 334 347 349 353 369 379 382 386 399 403 416 
62 69 75 76 81 109 110 113 117 122 134 152 169 176 189 202 204 221 222 230 237 249 263 276 284 295 297 299 300 317 328 358 393 
63 66 68 72 74 76 78 79 81 82 86 89 90 91 93 97 98 99 104 105 109 115 118 122 127 129 132 133 136 137 144 145 146 147 149 151 152 157 159 162 166 167 168 170 172 175 180 186 187 188 196 202 205 206 209 210 211 217 218 228 229 233 236 239 242 249 253 254 255 257 258 260 264 265 267 272 274 275 278 279 281 283 286 287 288 289 294 296 299 301 305 307 308 311 315 321 324 326 333 339 346 347 349 350 353 354 361 363 364 369 370 371 373 375 379 382 386 387 395 396 399 403 404 405 410 414 415 416 417 
64 115 305 
65 108 135 141 151 154 170 177 183 202 212 216 217 234 243 259 287 305 311 319 337 338 347 361 374 390 398 400 412 
66 69 72 78 79 82 86 89 90 91 93 95 97 98 99 102 104 105 107 109 115 117 118 122 127 131 132 133 139 143 144 145 146 147 149 151 152 155 157 159 161 162 166 168 170 171 180 185 186 187 188 196 202 203 205 206 216 218 228 229 236 239 242 249 251 253 257 258 260 265 267 272 274 275 278 279 281 286 287 288 289 294 295 296 298 301 306 307 308 310 313 315 321 333 334 339 345 346 353 357 358 365 369 370 371 375 379 382 386 387 395 399 403 404 414 416 417 
67 69 76 109 110 116 119 123 141 170 176 178 189 193 207 211 230 237 273 276 277 284 286 297 308 372 376 377 389 406 
68 69 176 221 237 267 276 284 295 297 372 400 
69 71 72 75 76 80 81 82 85 88 100 103 109 110 111 113 117 119 123 124 134 146 150 151 156 172 175 176 178 184 189 194 195 199 202 204 208 209 211 216 221 222 223 224 227 228 230 240 245 263 267 269 276 277 278 279 284 295 297 298 300 305 314 317 328 335 344 347 359 363 364 366 368 372 373 386 387 389 392 397 414 
70 76 80 88 109 110 138 160 170 172 176 184 199 224 237 274 278 283 284 297 366 
71 72 75 76 77 80 81 88 92 109 110 111 113 117 119 123 124 131 150 157 168 172 175 176 189 195 199 202 204 208 211 212 216 221 222 223 224 230 237 249 263 267 278 284 297 298 305 317 319 337 344 347 364 372 373 392 397 406 
72 78 79 82 86 90 91 93 98 99 102 105 112 115 122 127 136 145 146 149 151 155 159 185 186 187 196 202 203 205 206 213 217 218 228 236 239 249 257 258 260 265 274 275 279 282 283 287 289 294 296 301 305 307 315 319 333 336 346 347 352 353 354 357 358 375 386 395 403 404 416 417 
73 75 76 80 81 82 88 91 96 109 110 116 117 119 121 123 124 156 172 175 176 189 195 199 202 204 208 211 216 222 223 224 228 230 237 276 278 279 284 297 298 305 317 319 344 347 372 373 386 389 392 
74 77 78 82 90 91 99 115 122 132 145 155 166 168 180 186 196 205 206 218 236 238 249 258 260 274 281 283 289 296 306 307 339 347 353 357 358 369 416 
75 76 80 93 94 100 109 110 117 124 138 150 170 175 176 178 195 204 211 213 221 230 237 238 263 278 284 286 295 297 298 317 321 325 328 364 368 373 
76 80 81 82 88 91 93 109 110 111 113 115 117 119 123 124 134 137 138 150 151 168 169 172 175 176 178 186 189 195 199 202 208 209 211 216 221 222 223 225 226 227 230 237 255 263 267 276 278 284 295 297 298 317 325 335 342 344 347 357 359 364 366 372 373 376 383 392 414 
77 80 81 88 109 110 117 134 139 150 176 188 199 202 204 211 212 216 221 224 237 249 263 276 278 284 295 297 298 305 324 325 328 331 335 364 366 372 386 
78 79 82 86 89 90 91 93 95 98 99 102 105 115 122 127 129 132 133 136 137 139 144 145 149 151 152 157 159 161 162 166 168 170 180 185 186 187 196 202 205 206 214 216 228 229 231 236 238 249 257 258 260 265 272 274 275 276 279 283 287 289 293 294 296 301 305 306 307 315 320 321 324 333 334 338 340 347 349 353 369 379 386 387 391 396 399 400 403 404 408 414 416 417 
79 82 89 90 91 93 98 99 104 105 107 109 115 122 127 133 139 145 151 152 159 161 166 168 170 180 185 186 187 196 202 203 205 206 216 218 228 230 236 238 249 253 254 255 257 258 260 265 272 274 275 278 279 281 283 287 288 289 294 296 301 305 307 308 311 315 320 333 334 346 347 349 352 353 354 357 358 369 375 379 382 386 387 395 399 403 404 414 416 
80 81 82 85 88 109 110 111 113 117 119 123 124 134 150 151 172 173 175 176 178 189 197 199 202 208 209 211 213 216 221 222 223 226 230 237 240 245 253 258 263 267 277 278 284 295 297 298 299 300 305 317 321 325 344 347 356 364 366 372 373 378 392 406 414 
81 85 88 91 99 109 110 111 113 117 119 123 124 134 138 150 172 175 176 184 189 194 195 197 199 202 204 209 211 216 221 222 223 224 227 230 232 237 240 258 267 273 277 278 284 289 295 297 298 299 300 307 311 317 328 335 344 347 356 359 363 372 373 386 392 414 
82 85 89 90 91 93 95 96 98 99 104 105 109 110 112 115 119 122 127 132 137 144 145 146 149 151 152 159 161 162 166 168 171 180 181 185 186 187 196 202 205 206 211 216 224 228 231 234 236 237 238 242 249 254 255 257 258 260 265 272 274 275 278 279 281 283 287 288 289 294 296 301 305 306 307 308 311 315 322 323 324 333 334 340 344 346 347 349 353 354 357 369 375 382 386 395 399 403 404 411 414 415 416 417 
83 109 110 113 116 117 148 150 189 195 221 222 284 305 347 
84 85 86 91 99 104 134 143 172 178 186 202 211 228 236 253 258 273 274 281 287 288 296 346 353 379 387 389 399 405 
85 86 88 100 105 109 110 111 113 116 117 119 123 124 134 150 151 159 172 176 189 190 195 199 202 204 208 211 216 221 222 223 224 225 227 230 240 263 267 276 278 284 295 297 298 300 305 314 317 319 328 335 344 347 359 364 367 368 372 373 378 389 392 414 
86 89 90 91 93 95 98 99 102 104 105 107 109 110 112 113 115 122 127 132 133 137 139 143 144 145 146 147 151 152 157 159 161 162 166 167 168 171 172 178 180 181 182 186 187 188 190 196 202 203 205 206 208 211 212 218 222 228 230 233 236 238 239 241 242 249 251 253 254 255 257 258 259 260 265 272 274 275 276 278 279 281 283 286 287 288 289 294 295 296 298 299 301 305 306 307 308 310 311 315 317 320 321 322 326 333 334 337 345 346 347 349 352 353 354 356 357 358 360 364 369 370 373 375 379 386 387 391 395 399 403 404 414 415 416 417 
87 88 93 94 104 109 110 111 115 117 119 123 124 138 150 172 176 178 189 199 202 204 208 209 211 216 222 223 226 227 230 237 240 241 263 267 273 276 277 278 284 289 295 297 298 299 300 305 314 317 347 356 372 389 392 414 416 
88 103 109 110 111 113 117 119 123 124 134 141 150 172 176 184 189 195 199 201 202 204 216 221 222 223 224 227 230 267 274 276 277 278 279 284 295 297 298 305 317 319 325 344 347 366 372 389 392 406 
89 90 91 93 95 97 99 102 104 105 107 115 118 133 137 142 144 145 146 151 159 162 166 170 180 181 186 187 190 196 202 205 206 214 228 231 236 238 249 255 257 258 260 272 274 275 279 283 287 288 289 294 296 306 307 315 320 324 333 340 347 353 354 358 386 387 391 395 396 399 403 404 411 414 415 416 417 
90 93 107 115 122 132 139 145 149 151 162 168 185 187 188 196 216 233 236 249 257 260 274 279 289 294 301 308 315 324 333 334 339 379 382 386 387 395 416 
91 93 95 98 99 104 105 107 112 115 122 127 133 137 145 146 147 151 152 155 157 159 162 166 168 171 172 178 180 186 187 188 196 202 203 205 206 216 218 228 230 236 238 247 249 257 258 260 270 272 274 275 277 279 281 282 283 287 288 289 294 296 301 305 306 307 308 310 320 322 324 333 337 346 347 349 353 358 375 379 386 387 403 404 411 414 415 416 417 
92 99 100 109 117 119 124 134 176 185 204 208 216 222 278 284 286 294 317 335 366 372 395 
93 98 99 104 105 107 112 115 117 122 127 132 133 136 137 139 144 145 146 147 149 151 152 155 157 159 162 166 167 168 170 171 172 175 180 181 186 187 188 190 196 202 203 205 206 212 214 216 218 228 229 230 233 236 238 239 240 242 249 253 254 255 257 258 260 262 263 265 267 272 274 275 278 279 283 286 287 288 289 294 296 298 299 301 305 307 308 310 315 317 319 324 327 333 334 335 339 340 345 346 347 349 353 354 357 358 364 369 371 375 379 382 386 387 395 399 403 404 414 415 416 417 418 
94 176 263 295 299 372 
95 99 104 115 133 137 144 145 146 151 152 159 166 168 180 185 186 187 196 229 231 236 249 257 258 265 274 275 289 294 334 338 353 379 382 386 387 391 398 399 411 414 415 416 
96 126 196 198 207 214 305 318 347 
97 98 99 115 122 145 166 168 186 187 196 202 203 205 206 218 228 236 249 257 258 260 265 274 281 287 289 294 301 347 349 353 391 396 399 403 416 
98 99 101 104 107 109 112 115 117 118 127 129 132 133 137 139 143 145 146 147 149 151 155 159 161 162 166 167 168 170 171 178 180 181 185 186 187 188 196 202 203 205 206 209 210 211 212 218 222 225 228 229 230 233 236 239 242 248 249 253 254 257 258 260 265 272 274 275 279 281 282 283 286 287 288 289 294 296 301 304 306 307 308 310 312 317 322 326 327 333 339 345 346 347 349 353 354 357 363 369 370 371 379 386 387 395 396 403 404 414 415 416 417 
99 102 104 105 107 109 112 115 117 122 123 127 132 133 139 144 145 146 147 149 151 152 155 157 159 161 162 166 170 171 180 185 186 187 188 196 201 202 203 205 206 211 213 214 216 218 222 228 230 233 236 238 239 240 249 253 257 258 260 265 267 270 272 274 275 278 279 281 283 286 287 288 289 292 293 294 295 296 298 301 305 306 307 308 310 311 315 317 320 321 322 324 326 327 333 334 340 346 347 349 353 354 357 358 369 370 375 379 382 386 387 395 399 403 404 411 413 414 415 416 417 
100 109 110 111 113 114 117 124 134 140 148 150 157 172 176 189 191 194 195 197 202 204 208 211 221 222 223 225 230 237 240 278 279 284 295 297 298 305 317 328 347 352 364 366 368 372 397 
101 104 105 115 122 127 133 145 146 149 151 159 166 168 180 186 187 196 202 203 205 206 210 218 228 236 253 257 258 260 265 272 274 279 281 287 294 296 305 306 308 311 320 322 347 353 354 357 369 375 379 387 403 404 405 411 414 416 417 
102 104 105 107 118 132 147 151 157 161 162 168 182 185 186 196 205 206 216 218 236 239 249 258 265 270 283 301 307 315 319 324 333 334 347 353 369 387 395 413 415 416 
103 108 109 154 165 183 202 211 212 216 217 234 243 305 319 337 338 350 361 380 390 398 400 412 
104 105 107 109 115 118 122 127 133 137 139 144 145 146 147 149 151 152 157 159 166 168 171 172 180 181 185 186 187 188 196 202 205 206 210 211 216 218 228 234 236 238 239 242 249 253 254 257 258 260 265 270 272 274 275 278 279 281 283 286 287 289 293 294 296 298 301 306 307 308 310 311 317 326 327 333 334 339 346 347 349 352 353 354 357 358 369 371 375 382 386 387 395 399 403 404 414 415 416 417 
105 107 109 110 115 122 127 132 133 139 144 145 146 147 150 151 152 157 159 161 162 166 167 168 171 180 186 187 190 196 202 203 205 206 213 216 223 228 229 236 238 249 253 257 258 260 265 272 274 275 279 281 283 286 287 289 294 296 298 301 305 306 307 308 310 317 320 324 325 326 327 333 334 339 340 345 346 347 349 353 354 357 365 369 375 379 386 387 395 399 403 404 413 414 416 417 
106 128 258 368 
107 118 137 145 151 162 166 167 168 181 185 186 196 205 228 230 236 249 272 274 287 308 324 333 352 357 358 387 415 416 417 
108 109 110 135 154 170 183 212 216 305 319 337 338 347 361 398 400 412 
109 110 111 113 114 115 116 117 119 122 123 124 134 140 149 150 151 163 168 169 170 172 173 176 178 184 185 187 189 192 194 195 199 202 204 208 211 212 213 216 221 222 223 224 227 230 237 239 241 252 267 273 274 276 277 278 284 286 289 295 297 298 300 301 305 314 317 325 328 335 344 347 355 356 359 364 366 372 373 376 385 389 392 395 400 404 406 414 
110 113 116 117 119 123 124 134 138 146 148 150 151 163 172 173 175 176 189 190 195 199 202 213 216 221 222 223 224 227 230 232 237 243 252 257 266 267 273 276 277 278 284 292 297 298 317 319 328 335 344 347 356 359 366 372 373 392 393 399 
111 113 117 123 124 150 172 176 189 199 202 204 216 222 223 230 237 267 277 278 284 295 297 298 300 305 317 325 347 359 372 389 
112 115 122 129 136 145 147 151 159 168 180 181 185 186 187 196 202 203 205 216 218 228 233 236 239 249 258 260 272 274 275 279 281 287 288 294 296 301 307 308 310 311 333 346 347 349 354 357 358 369 382 386 387 395 399 403 404 416 
113 117 138 150 156 176 195 199 201 211 221 237 284 295 359 
114 117 119 123 124 135 138 145 150 155 158 172 173 176 178 189 190 194 195 196 199 202 204 208 211 213 216 221 222 223 224 227 230 232 237 240 252 255 260 267 273 275 276 278 284 286 295 297 298 299 300 305 308 310 314 317 319 328 335 346 347 352 356 359 363 364 372 373 387 389 392 393 403 414 
115 122 127 133 139 144 145 146 147 149 151 159 166 168 170 180 185 186 187 188 196 202 203 205 206 216 228 229 231 233 236 238 249 253 254 255 257 258 260 264 265 272 274 275 279 283 287 289 294 296 301 305 307 308 310 320 321 322 324 327 333 334 340 346 347 349 353 357 375 386 387 391 399 403 404 411 414 415 416 417 
116 117 119 123 124 150 151 156 172 176 186 189 195 199 202 204 216 217 221 222 223 228 230 237 240 263 276 278 284 295 297 299 305 317 335 344 347 359 372 373 392 
117 139 148 150 172 173 176 195 221 263 277 278 284 295 300 359 366 368 372 
118 122 132 137 139 151 152 166 168 185 186 190 202 203 205 206 218 221 228 236 249 258 260 265 272 274 275 287 289 301 306 307 331 333 347 353 357 387 395 403 411 416 
119 123 124 150 151 172 173 176 178 184 189 202 204 211 216 221 222 223 230 232 237 240 257 267 278 284 289 295 297 298 305 317 344 347 359 366 372 373 376 392 404 406 414 
120 176 189 202 222 237 278 284 297 298 347 389 
121 135 150 151 154 164 168 170 172 183 186 202 212 216 217 221 234 243 259 278 289 291 295 298 305 319 337 338 341 347 350 356 361 373 390 392 395 398 400 405 412 
122 127 137 145 147 151 152 155 159 162 166 167 168 181 185 186 187 196 205 206 216 218 236 238 249 257 258 260 265 272 274 275 279 281 283 287 289 296 301 305 307 311 324 333 346 347 349 353 354 357 358 368 369 382 386 387 395 399 404 416 417 
123 124 150 169 175 176 178 184 189 202 204 209 211 216 221 222 223 227 237 240 263 267 273 277 278 284 295 297 298 305 317 347 372 392 395 
124 134 150 155 176 189 204 208 213 216 221 222 226 237 238 258 263 284 295 297 298 300 301 328 347 359 361 364 366 368 383 
125 150 156 163 172 176 186 189 190 195 199 202 213 216 221 222 223 224 230 237 263 273 278 279 284 295 297 298 299 305 317 325 344 346 347 372 373 386 389 392 
126 144 190 196 198 207 214 216 240 275 278 284 299 315 318 335 373 382 395 412 
127 145 150 151 155 162 166 168 180 186 187 196 202 205 206 216 228 236 249 257 258 260 265 274 279 283 287 289 296 301 304 305 308 311 319 322 333 334 347 353 354 379 382 386 396 399 403 404 411 416 
128 186 202 274 284 305 347 414 
129 145 162 166 168 185 186 191 202 205 206 216 228 236 238 249 258 260 265 287 288 296 301 305 306 307 308 311 317 319 322 333 347 353 357 386 399 403 404 405 416 
130 168 192 261 385 
131 176 189 237 242 249 284 295 297 328 372 
132 139 145 147 151 152 161 162 166 168 185 205 206 218 233 236 249 258 260 275 283 292 301 307 315 333 347 353 357 369 386 391 416 
133 137 139 143 144 145 146 147 151 152 157 159 161 162 166 168 170 171 180 186 187 188 190 196 202 203 205 206 214 216 222 228 229 231 233 236 238 239 242 249 253 254 255 257 258 260 265 272 274 275 278 279 281 283 286 287 288 289 294 296 298 305 306 307 308 310 313 317 320 322 323 324 326 327 333 334 339 340 345 347 349 353 354 370 375 379 380 382 386 387 391 395 399 403 414 416 417 
134 138 150 151 175 176 189 190 195 204 211 221 222 225 232 237 249 258 263 278 284 295 297 298 299 300 317 328 335 347 364 366 372 373 
135 154 164 170 202 212 216 217 234 243 259 275 305 319 337 338 347 361 362 374 380 390 398 400 410 412 
136 137 139 144 145 149 151 159 161 162 166 168 170 180 181 185 186 187 188 196 202 203 205 206 213 216 218 228 236 249 253 257 258 260 265 267 272 274 275 278 279 281 283 287 288 289 294 296 298 301 305 306 307 308 310 311 315 320 321 322 327 333 334 339 346 347 349 353 354 358 369 375 379 386 387 395 399 403 404 411 414 415 416 417 
137 145 147 149 151 152 157 159 166 168 171 186 187 196 202 205 206 216 228 229 231 236 249 257 258 260 265 272 274 275 279 281 283 288 294 296 301 306 307 308 315 333 334 340 345 347 349 352 353 354 382 386 387 399 403 414 415 416 417 
138 150 151 172 173 176 184 189 190 194 199 202 204 211 213 216 221 222 226 237 240 263 270 278 284 295 297 298 299 300 311 325 328 347 372 378 
139 145 149 151 155 157 159 162 166 168 180 185 186 187 188 196 202 203 205 206 210 216 218 228 236 249 257 258 260 262 265 270 272 274 275 279 281 282 283 287 289 294 296 301 305 306 307 308 311 315 321 322 324 333 339 345 346 347 349 352 353 354 357 371 375 379 386 387 395 399 403 404 413 414 416 417 
140 175 176 208 221 223 232 273 276 284 372 
141 148 150 151 152 156 157 163 168 169 170 172 175 176 184 186 188 189 191 192 195 199 202 204 206 208 209 211 213 218 221 222 223 224 225 226 227 230 235 237 238 240 241 245 249 250 252 258 263 267 273 276 277 278 284 292 295 297 298 301 305 309 316 317 328 336 342 347 359 363 364 366 369 372 373 375 385 386 387 392 396 404 405 414 415 416 
142 301 369 
143 146 151 166 196 206 228 236 249 260 279 287 305 353 358 403 416 
144 145 146 151 159 162 168 185 187 196 205 206 212 218 221 236 237 238 249 255 258 260 265 272 274 275 279 289 301 308 315 321 333 347 353 369 391 399 403 414 416 
145 147 151 152 155 159 162 166 167 168 171 180 182 185 186 187 190 196 202 205 206 211 216 218 228 229 236 238 249 253 255 257 258 260 265 272 274 275 279 281 283 288 289 296 301 305 307 308 311 327 333 334 339 340 346 347 349 352 353 354 357 358 365 375 379 382 386 387 395 403 404 414 415 416 417 
146 149 151 162 166 168 180 186 187 196 202 203 205 206 216 228 236 238 249 255 257 258 260 265 267 274 275 279 282 287 289 294 296 301 305 306 340 347 349 353 358 369 379 386 387 391 398 399 403 414 416 417 
147 162 168 180 182 186 249 253 257 272 274 278 279 281 283 289 294 301 324 326 333 345 379 382 386 387 395 403 411 414 415 416 417 
148 175 176 189 222 240 284 294 297 299 347 366 372 
149 151 152 162 205 206 236 249 258 260 274 275 278 279 287 289 307 311 315 333 336 347 368 382 386 415 
150 156 172 176 178 184 189 190 194 195 197 199 202 204 208 211 216 221 222 223 224 227 230 237 240 267 276 278 279 284 295 297 298 301 305 317 319 328 344 347 356 363 372 373 383 389 392 406 
151 152 159 161 166 168 170 180 185 186 187 188 196 202 203 205 206 209 211 216 218 228 229 236 238 242 249 251 253 254 257 258 260 265 267 272 274 275 278 279 283 287 288 289 294 296 301 305 306 307 311 315 319 320 321 322 333 334 347 349 353 354 357 369 375 382 386 387 395 399 403 404 411 413 414 415 416 417 
152 159 161 162 166 168 180 185 186 187 203 205 206 228 236 238 242 249 255 258 260 265 274 279 289 296 301 306 307 308 311 319 322 333 334 347 349 353 354 370 378 379 382 386 387 403 416 
153 155 168 180 185 186 188 196 202 203 206 218 228 236 257 258 260 265 274 279 283 287 289 296 301 308 311 320 334 347 349 353 357 386 416 
154 177 183 202 212 216 217 243 263 267 305 319 337 338 347 361 374 395 398 400 412 
155 157 159 166 168 180 185 188 196 205 206 211 216 218 236 240 249 258 260 274 278 281 283 296 298 307 308 311 315 324 325 326 333 347 349 353 371 379 386 400 414 416 
156 172 176 189 195 202 216 221 222 223 230 232 237 245 267 278 284 295 297 298 317 347 372 373 389 
157 159 166 168 171 180 185 186 187 196 205 206 212 216 228 229 236 238 242 249 255 257 258 260 265 267 270 272 274 275 278 279 281 288 289 294 296 301 305 307 308 323 324 326 333 334 347 352 353 364 369 375 382 386 387 395 399 403 404 414 415 417 
158 176 186 202 221 222 223 239 252 278 284 297 298 325 328 347 369 372 403 414 
159 161 162 166 168 171 172 178 180 181 185 186 187 188 196 202 203 205 206 210 211 212 216 218 222 228 229 230 233 236 238 239 240 242 248 249 253 254 255 257 258 260 262 265 266 272 274 275 276 278 279 281 286 287 288 289 294 295 298 301 304 305 306 307 308 310 313 315 317 319 320 321 322 326 327 333 334 337 345 346 347 349 353 354 356 357 360 361 369 370 373 375 379 382 386 387 389 391 395 396 398 399 403 404 413 414 416 417 
160 172 173 176 178 184 186 189 191 195 199 201 202 204 208 211 216 221 222 223 225 230 237 240 252 260 267 273 276 278 284 295 297 298 300 305 314 317 325 335 344 347 363 364 372 389 392 397 406 412 
161 162 166 168 180 185 186 187 196 202 203 205 206 216 228 236 238 249 257 260 265 272 274 275 278 279 283 287 289 294 296 301 305 307 308 315 334 346 347 349 353 354 356 369 375 386 387 395 399 403 404 414 416 417 
162 166 168 180 185 186 187 188 196 202 205 206 216 228 236 249 257 258 260 265 272 274 275 279 287 289 292 294 296 301 305 307 308 315 324 333 334 339 345 347 349 353 357 369 375 379 382 386 387 395 403 404 414 415 416 
163 172 173 176 180 184 186 188 189 195 199 202 206 208 209 211 213 216 221 222 223 225 226 227 228 230 237 241 249 250 252 260 267 273 276 278 284 292 294 295 297 298 300 301 305 312 317 325 326 328 335 339 343 344 347 349 353 354 356 359 361 363 366 372 373 375 378 385 386 387 389 392 395 403 414 415 
164 165 170 175 212 216 217 243 305 319 337 338 347 357 361 400 412 
165 168 170 183 212 216 243 305 319 337 338 347 361 362 377 386 398 400 412 
166 187 196 205 206 218 228 236 249 258 260 274 283 336 386 416 
167 168 171 186 187 206 221 236 238 249 258 274 283 284 289 307 310 328 353 357 365 369 379 386 395 403 414 416 
168 171 178 180 185 186 187 188 196 202 203 205 206 210 216 218 228 233 236 238 242 249 253 257 258 260 265 272 274 275 279 282 283 287 288 294 296 301 305 307 311 320 324 333 334 344 346 347 349 353 354 357 360 369 375 379 382 386 387 395 399 403 404 405 416 417 
169 176 199 211 237 242 255 267 284 297 376 414 
170 172 178 180 183 184 186 195 196 202 212 213 214 216 217 219 222 225 227 242 243 257 267 275 278 291 294 295 298 301 302 305 317 319 338 341 347 361 362 374 380 387 390 395 398 399 400 402 404 406 412 414 416 
171 180 185 186 187 188 196 202 203 205 206 212 216 218 228 233 236 237 238 248 249 253 255 257 258 260 265 267 272 274 275 279 281 283 285 287 288 289 294 295 296 298 299 305 306 307 308 310 311 320 322 333 334 339 346 347 349 353 354 358 365 371 375 379 382 386 387 395 399 403 404 414 415 416 417 
172 175 176 178 186 189 195 199 202 208 209 211 216 221 222 223 224 230 237 267 278 284 295 297 298 305 317 325 328 344 347 359 364 372 373 389 392 
173 176 178 189 199 202 204 216 221 222 237 278 284 295 297 298 317 325 329 347 364 368 372 
174 176 178 186 189 192 194 202 204 211 213 221 222 225 230 237 240 258 263 276 277 278 284 295 297 298 299 305 314 317 328 347 356 364 378 414 
175 176 178 189 194 221 222 237 267 276 295 297 298 299 305 314 317 347 355 366 
176 184 189 190 191 192 195 196 199 201 203 204 205 209 216 221 222 225 226 230 232 237 240 251 255 257 258 261 263 267 269 273 274 276 277 278 284 286 290 294 295 297 298 299 300 308 309 314 317 328 329 335 338 344 345 355 356 359 365 366 367 372 376 377 378 379 383 385 388 389 395 400 401 406 408 412 416 
177 183 216 243 337 338 400 
178 189 190 199 202 204 208 213 221 222 226 230 240 276 284 295 297 298 314 317 324 328 335 337 347 359 366 383 
179 183 188 212 216 305 337 338 361 
180 181 186 187 196 202 203 205 206 212 216 218 228 229 233 236 238 242 249 253 255 257 258 260 262 265 267 272 274 275 278 279 282 283 287 288 289 294 296 301 306 307 308 311 320 321 324 327 333 334 339 340 345 346 347 349 353 354 369 375 379 382 386 387 395 399 403 404 411 414 415 416 417 
181 186 188 196 202 203 205 206 218 227 228 229 236 249 260 265 274 278 286 287 288 294 296 298 301 305 306 307 310 319 333 337 346 347 353 369 379 382 386 387 395 396 399 403 404 414 416 417 418 
182 185 186 205 260 272 274 294 301 315 324 334 354 382 386 395 403 414 417 
183 186 212 216 305 319 337 380 382 412 
184 186 189 190 195 197 199 201 202 204 207 208 209 211 213 214 216 221 222 223 224 226 230 232 237 244 252 253 255 263 273 277 278 284 289 295 297 298 299 305 317 328 329 342 347 349 357 358 359 363 364 366 372 373 376 378 383 386 387 389 392 406 414 
185 186 206 211 218 236 239 249 260 265 272 274 279 287 288 289 294 296 301 307 308 311 315 333 334 347 354 357 369 386 387 395 399 403 414 415 416 418 
186 187 188 196 202 205 206 211 216 218 221 228 230 236 238 242 249 253 255 257 258 260 265 272 274 275 278 279 283 287 288 289 294 296 301 305 306 307 308 320 321 322 324 326 327 333 334 340 344 345 346 347 349 353 354 357 368 375 382 386 387 395 399 403 404 405 413 414 415 416 417 
187 196 205 206 218 228 236 238 239 249 257 258 260 265 275 281 287 289 301 305 307 308 315 320 322 334 347 353 354 379 386 387 391 395 396 399 403 416 417 
188 202 206 218 222 228 236 238 249 257 258 260 265 272 274 283 289 294 296 301 307 315 321 333 347 353 354 375 399 403 416 
189 194 195 199 202 204 208 212 216 220 221 222 223 224 230 263 267 276 278 284 295 297 298 305 314 316 317 328 330 337 344 347 363 364 366 372 373 385 392 397 412 
190 195 199 202 204 205 208 211 213 221 222 223 226 227 230 232 237 257 258 263 267 272 273 276 278 284 286 289 295 297 298 299 300 305 317 335 339 349 356 359 372 385 386 392 399 416 
191 199 202 204 216 221 222 237 240 278 284 290 297 314 317 335 368 378 383 
192 222 225 261 276 284 297 385 
193 211 278 297 311 395 
194 208 211 221 222 237 240 258 263 276 284 295 297 317 335 406 
195 202 204 208 211 221 222 223 225 227 230 237 249 267 276 278 284 295 297 298 299 305 317 325 328 347 359 364 372 373 392 414 
196 203 205 206 210 212 214 216 228 229 231 236 238 249 255 257 258 260 265 272 274 275 279 283 287 289 296 301 305 307 308 310 322 333 338 340 346 347 353 354 358 369 379 382 386 387 391 395 399 403 408 414 415 416 
197 204 211 221 222 237 240 263 278 284 295 297 305 317 328 334 
198 202 207 213 214 216 258 305 318 347 
199 222 237 267 278 284 297 298 317 366 372 406 
200 236 274 307 
201 202 204 208 212 216 221 222 223 227 230 237 240 243 250 267 276 278 284 295 297 305 317 329 347 357 368 372 373 
202 204 207 211 214 216 221 222 224 227 230 232 234 237 238 263 276 277 278 284 295 297 305 317 319 344 347 366 387 389 392 
203 205 206 216 218 228 236 237 249 253 257 258 260 265 272 274 279 287 294 296 301 308 311 321 333 347 349 353 358 369 379 387 399 403 404 414 416 417 
204 208 216 221 222 230 240 252 276 284 295 297 300 328 344 366 372 373 385 
205 206 218 228 236 238 249 258 260 272 274 279 287 294 296 301 307 315 324 333 345 347 349 353 357 379 386 403 411 416 
206 216 218 229 236 238 240 249 255 258 260 265 272 274 275 279 281 289 293 294 296 301 310 315 333 334 339 347 349 353 366 379 386 389 395 399 404 415 416 418 
207 214 265 273 287 305 308 311 318 319 347 410 
208 216 221 222 225 226 230 237 240 241 242 258 276 278 284 295 297 298 299 300 305 316 317 325 328 335 347 364 403 414 
209 211 213 216 222 223 224 226 227 230 234 237 240 251 263 267 277 278 284 297 298 299 305 307 314 316 317 325 347 359 366 372 392 414 
210 216 228 233 236 242 249 253 257 258 259 260 265 275 280 283 287 289 296 301 305 307 310 311 334 346 347 349 353 357 375 379 382 386 387 395 403 404 413 416 417 
211 216 221 223 226 227 228 230 237 240 257 258 263 267 274 276 277 278 284 295 297 298 300 301 317 325 335 347 356 366 368 372 376 392 395 397 414 
212 216 221 243 305 319 337 338 347 361 374 398 400 412 
213 216 221 222 223 226 227 230 237 240 242 257 263 267 272 273 276 278 279 284 295 297 298 300 305 307 317 328 333 344 347 352 356 359 363 364 372 386 389 392 414 
214 258 303 311 347 386 416 
215 222 223 284 305 
216 217 230 237 243 259 291 305 319 324 337 338 347 357 361 362 374 398 400 412 
217 234 243 259 274 301 305 319 337 338 347 349 357 361 362 374 398 400 412 414 
218 228 236 238 239 249 258 260 274 279 289 301 326 347 353 358 379 387 403 404 416 
219 222 227 228 229 243 259 276 278 284 288 295 298 305 317 319 337 338 347 361 362 374 380 390 392 398 400 412 414 416 
220 222 223 224 237 278 284 297 298 317 347 357 372 
221 222 223 230 276 277 284 293 295 297 298 317 335 347 355 356 359 366 
222 223 224 226 230 237 240 242 257 258 260 263 266 267 273 275 276 277 278 284 286 295 297 298 299 300 303 317 325 328 335 344 347 352 356 359 363 364 366 372 373 383 385 389 392 393 395 411 414 417 
223 224 267 278 297 335 344 347 366 373 389 
224 227 230 237 267 278 284 295 297 298 299 305 317 335 347 359 366 372 373 392 
225 237 240 267 273 276 284 295 297 300 325 335 337 372 376 378 385 389 406 
226 227 230 237 242 255 260 263 267 272 273 274 275 278 279 284 294 297 298 299 300 305 310 317 325 335 347 356 372 378 386 392 395 405 414 
227 230 237 238 240 249 263 267 276 278 284 295 297 298 305 317 325 328 335 344 346 347 372 373 386 387 392 404 
228 233 236 238 248 249 257 258 260 265 272 274 279 281 283 287 289 295 296 299 301 305 307 308 311 324 328 331 333 344 346 347 349 352 353 354 357 379 386 387 399 403 404 414 416 417 
229 231 236 237 240 242 249 253 257 258 260 265 272 274 275 278 279 281 283 287 288 289 294 296 298 301 305 306 307 308 310 320 323 326 333 334 338 339 345 346 347 349 352 353 354 357 369 371 375 382 386 387 391 395 396 399 403 404 413 414 415 416 417 
230 237 238 240 249 252 263 267 273 274 278 284 295 297 298 299 300 314 317 324 328 336 344 347 356 366 368 372 373 386 387 392 406 414 
231 236 257 258 272 274 275 283 289 293 353 391 416 
232 240 277 284 295 297 299 300 347 372 406 
233 236 238 243 267 333 357 
234 241 242 243 249 259 276 278 283 284 291 295 298 302 305 317 319 337 338 341 347 348 351 356 361 362 366 374 378 380 387 389 395 398 400 402 404 412 414 417 
235 263 284 295 328 335 372 375 
236 237 239 247 248 249 251 253 254 255 257 258 260 264 265 267 272 274 275 276 278 279 281 283 286 287 288 289 294 295 296 298 301 304 305 306 307 308 310 311 315 317 319 320 321 323 326 327 333 334 336 338 339 340 345 346 347 349 353 354 356 357 358 360 361 363 365 369 370 371 375 379 382 386 387 389 391 394 395 396 397 399 403 404 405 408 410 411 414 415 416 417 418 
237 240 245 267 273 277 278 284 297 298 299 301 314 316 317 325 335 347 357 359 366 368 372 383 389 392 406 414 
238 242 249 257 258 260 265 272 274 275 278 279 283 286 287 288 289 295 296 298 299 305 306 307 308 310 320 327 328 333 339 345 346 347 349 352 353 354 357 358 369 371 379 386 387 395 399 403 404 414 415 416 417 
239 249 258 265 274 310 324 334 346 358 386 395 399 415 
240 257 263 267 275 276 278 284 295 297 298 299 305 310 317 321 328 335 347 356 357 368 372 373 383 385 386 389 392 414 
241 276 297 335 385 
242 249 253 255 257 258 260 263 265 267 272 273 274 275 278 279 281 283 287 288 289 294 295 296 299 301 304 305 306 307 308 310 311 317 319 321 324 326 327 333 334 337 339 340 344 346 347 349 353 354 357 369 370 373 375 379 386 387 391 395 399 403 404 405 413 414 415 416 417 
243 276 284 305 319 337 338 347 357 361 374 400 412 
244 278 284 297 316 317 328 347 364 
245 249 277 278 284 295 297 298 305 317 344 347 359 372 373 386 389 406 
246 249 257 258 260 265 272 274 275 279 283 287 294 296 305 307 310 321 326 327 334 346 347 349 352 353 386 387 403 416 417 
247 249 264 274 279 283 287 289 296 301 305 347 353 357 379 386 403 413 416 
248 274 289 295 306 308 347 358 369 386 387 410 
249 258 260 265 272 274 275 279 289 293 294 301 305 307 315 321 324 333 339 347 349 353 357 358 369 386 387 395 399 403 414 415 416 417 
250 284 297 305 344 347 357 
251 257 274 275 288 291 307 333 334 353 357 387 395 410 414 415 
252 276 278 284 295 297 298 299 317 328 345 347 400 
253 257 258 260 262 264 265 267 272 274 275 278 279 281 282 283 287 289 294 296 298 301 305 306 308 310 320 321 322 325 327 333 334 339 346 347 350 353 354 357 358 370 375 382 386 387 395 399 403 404 414 415 416 417 
254 260 265 272 274 279 287 289 294 296 301 305 315 353 354 369 416 
255 257 258 260 265 267 270 272 274 275 278 279 283 284 285 287 288 289 293 294 296 301 306 307 308 310 311 317 319 320 321 326 327 333 334 338 340 345 346 347 349 352 353 354 365 369 371 375 382 386 387 391 395 396 399 403 404 411 412 414 415 416 417 418 
256 263 266 273 276 278 284 295 297 298 299 305 317 321 328 344 347 355 356 359 372 373 397 
257 258 260 265 274 275 278 279 281 283 287 288 289 294 296 298 306 307 308 310 320 321 322 325 326 327 333 334 340 345 346 347 349 353 354 357 369 382 386 387 395 399 403 404 411 414 415 416 417 
258 274 279 283 289 333 334 338 347 349 353 357 386 391 415 416 
259 276 278 284 291 294 295 298 299 301 302 305 312 317 319 334 337 338 341 346 347 356 361 362 374 380 387 392 398 404 412 417 
260 262 265 272 274 275 278 279 283 287 289 296 301 305 307 308 315 326 333 334 339 347 349 353 354 357 369 379 386 387 395 403 414 415 416 417 
261 385 
262 265 272 274 275 278 279 281 283 287 288 289 294 296 301 305 306 307 308 310 333 334 337 339 345 346 347 349 353 354 369 379 382 386 387 395 399 403 404 413 414 416 417 
263 267 274 277 278 284 295 297 298 299 301 364 368 372 374 389 
264 283 287 296 301 305 307 347 353 357 395 403 404 417 
265 272 274 281 283 287 289 295 296 301 304 307 308 311 319 321 333 334 346 347 349 353 370 375 382 386 387 395 403 404 414 416 
266 278 284 295 297 299 316 317 322 328 347 389 
267 273 276 278 279 284 297 298 305 314 317 325 342 347 356 357 364 366 368 372 376 383 389 392 404 414 
268 284 297 335 
269 276 284 295 372 
270 274 278 279 282 286 287 289 294 296 298 299 307 308 311 317 333 346 347 349 352 353 357 370 375 379 382 386 387 395 399 403 413 414 416 417 
271 
272 274 275 279 281 283 287 288 289 294 296 299 301 307 308 310 311 315 317 320 321 333 334 339 347 353 357 369 370 375 382 386 387 399 403 404 414 415 416 417 
273 278 284 295 297 298 305 311 317 319 347 372 377 378 392 
274 279 283 293 301 305 307 315 324 326 333 334 337 339 345 379 395 415 416 
275 279 281 283 287 288 289 294 296 301 305 306 307 308 315 320 333 334 346 347 349 353 369 379 386 387 389 395 399 403 405 411 414 416 417 
276 277 278 284 295 297 372 
277 278 284 297 298 317 347 366 368 372 376 392 
278 279 284 289 295 297 298 299 300 305 317 325 328 337 344 347 356 357 359 364 368 372 373 385 386 389 392 414 
279 283 287 296 301 305 306 307 311 315 321 322 323 324 333 334 336 347 349 352 353 364 368 382 386 387 395 403 404 411 414 416 417 
280 395 
281 283 288 289 294 296 301 306 307 308 333 345 347 349 353 354 375 379 382 386 387 395 403 414 415 416 
282 283 287 294 296 301 305 306 320 322 334 346 347 353 357 375 386 387 403 404 405 416 417 
283 287 289 294 296 301 307 308 311 320 324 340 347 349 352 357 368 369 379 382 386 387 395 399 403 404 405 415 416 
284 295 297 298 305 317 344 347 364 366 368 372 388 389 392 
285 294 296 307 315 324 352 353 358 382 403 415 
286 295 297 298 299 317 325 328 347 356 364 389 
287 289 294 296 301 305 306 310 311 315 320 322 333 346 347 353 354 357 358 386 387 395 399 403 404 405 410 414 416 417 
288 289 296 301 307 315 321 324 333 334 347 349 353 357 369 375 379 382 386 387 395 403 404 414 415 416 417 
289 293 294 295 296 301 306 307 308 321 322 333 334 340 345 346 347 349 353 354 371 375 386 387 391 395 399 403 404 414 416 
290 295 297 300 301 317 364 372 389 
291 305 311 316 319 337 338 347 361 362 374 387 390 395 405 412 414 
292 294 301 306 307 310 311 313 315 321 333 339 347 353 357 358 369 379 382 386 395 403 404 414 416 417 
293 301 315 353 379 391 399 416 
294 296 301 307 308 311 315 320 324 333 334 339 340 346 347 349 353 354 358 369 375 379 382 386 387 395 403 404 411 414 415 416 
295 297 299 301 305 316 317 328 341 347 356 364 373 378 385 410 
296 301 305 307 308 311 320 322 324 333 334 339 345 346 347 349 353 354 357 358 375 379 382 386 387 395 399 403 404 414 415 416 
297 298 300 305 314 317 344 347 359 364 366 368 373 376 392 405 406 415 
298 300 305 314 317 325 328 335 346 347 356 359 364 368 372 373 386 389 392 414 
299 317 319 325 328 335 346 347 359 364 369 372 373 386 395 410 414 416 
300 317 366 372 
301 307 308 315 324 333 334 347 349 353 354 357 364 369 375 382 386 387 395 403 404 405 411 414 416 418 
302 305 337 338 347 361 380 412 
303 344 378 
304 308 311 370 378 
305 317 319 337 338 344 347 361 362 364 373 374 375 390 392 400 404 412 416 
306 307 308 310 320 324 325 326 327 333 339 346 347 353 354 375 379 386 387 395 399 403 404 413 416 417 
307 311 315 320 322 324 333 334 336 347 353 357 375 379 382 386 387 399 404 416 
308 311 315 323 333 334 345 347 353 370 378 382 387 395 399 404 414 415 416 417 
309 312 317 337 343 344 347 353 356 359 363 364 372 373 385 386 389 392 414 
310 315 320 324 325 333 334 346 347 353 358 369 379 386 395 399 403 414 416 417 
311 315 319 346 347 353 357 364 370 378 386 387 400 403 404 405 410 414 416 417 
312 317 328 344 347 372 385 392 412 
313 391 416 
314 317 328 335 347 356 366 372 389 
315 324 334 354 382 386 415 
316 317 347 359 372 386 387 406 
317 325 328 344 347 356 364 368 372 373 376 378 385 386 389 392 414 
318 347 368 410 
319 337 338 347 361 362 390 398 400 412 
320 324 326 333 339 347 349 353 357 369 375 386 395 403 404 405 414 416 417 
321 324 333 334 345 346 347 349 353 354 357 375 379 382 386 387 403 404 411 414 415 416 417 
322 347 353 357 358 369 375 379 382 386 387 403 415 416 
323 354 
324 327 333 334 345 346 347 353 354 358 365 369 382 386 387 395 403 405 414 415 416 417 
325 347 372 373 406 
326 331 333 334 345 347 353 357 360 369 375 379 382 386 387 395 399 403 414 415 416 
327 333 340 346 347 349 352 353 354 361 363 375 379 382 386 387 395 399 403 414 415 416 417 
328 336 347 356 359 372 376 385 
329 344 347 364 372 373 
330 344 359 372 373 392 397 
331 347 352 353 399 413 
332 347 372 392 
333 334 339 345 347 349 353 354 357 369 371 382 386 387 395 399 403 404 406 414 415 416 417 
334 335 345 354 382 386 387 395 399 415 416 
335 347 383 389 
336 382 386 
337 338 341 347 353 361 364 374 395 398 400 412 
338 346 412 
339 345 346 386 415 416 
340 346 347 349 353 382 386 387 395 399 403 412 414 416 417 
341 347 349 356 361 362 371 374 386 390 395 398 412 
342 347 356 372 373 389 392 
343 347 359 372 385 392 412 
344 347 368 372 376 388 392 
345 347 353 357 369 379 382 386 387 403 414 416 
346 347 349 350 353 354 358 369 371 375 379 387 395 399 403 404 414 416 417 
347 353 358 364 366 369 375 379 386 403 404 413 414 415 416 
348 
349 352 353 354 369 371 375 379 382 386 387 399 403 404 405 412 414 416 418 
350 356 361 362 374 380 395 398 400 402 412 414 
351 
352 353 354 357 364 375 379 386 387 395 399 403 411 413 414 416 417 
353 357 358 369 371 375 379 382 386 387 395 399 403 404 414 415 416 417 
354 369 375 379 382 386 387 395 399 403 415 416 417 
355 372 
356 359 372 373 389 392 412 417 
357 365 386 399 400 403 414 416 417 
358 369 404 411 416 
359 372 392 412 
360 382 
361 362 374 380 390 398 400 412 
362 400 
363 372 373 374 385 389 392 395 403 414 418 
364 368 372 373 386 389 392 414 
365 382 387 416 
366 372 376 406 
367 372 373 374 378 386 387 392 395 
368 383 389 414 
369 379 382 386 387 399 403 404 415 416 
370 382 395 
371 386 399 416 418 
372 376 378 
373 378 385 389 392 397 414 
374 389 395 398 400 402 412 414 
375 379 386 387 403 404 415 416 
376 377 378 380 392 404 414 
377 
378 386 
379 382 386 387 399 403 404 414 415 416 417 
380 390 398 412 
381 384 395 404 416 
382 386 387 395 399 403 404 405 414 415 416 417 
383 386 
384 394 
385 386 389 392 393 397 406 412 414 417 
386 387 389 395 399 403 404 413 414 415 416 417 
387 395 403 404 411 414 415 416 417 
388 406 
389 
390 395 398 400 403 412 416 
391 396 416 
392 
393 
394 
395 396 399 403 404 405 408 411 414 415 416 417 
396 416 
397 
398 412 
399 403 414 416 
400 412 
401 
402 412 
403 404 414 415 416 417 
404 414 415 416 417 
405 410 414 416 
406 412 414 
407 
408 416 
409 
410 414 
411 414 416 
412 
413 414 416 417 
414 415 416 417 418 
415 416 
416 417 
417 
418 
[0, 1, 1, 1, 0, 4, 0, 0, 0, 1, 1, 0, 0, 2, 0, 1, 0, 0, 1, 1, 1, 0, 0, 1, 1, 1, 0, 2, 0, 2, 2, 0, 0, 1, 1, 0, 0, 0, 1, 4, 0, 1, 4, 1, 0, 0, 1, 0, 0, 1, 1, 1, 0, 0, 1, 1, 0, 0, 1, 2, 1, 1, 0, 1, 4, 2, 1, 0, 0, 0, 0, 0, 1, 0, 1, 0, 0, 0, 1, 1, 0, 0, 1, 0, 1, 0, 1, 0, 0, 1, 1, 1, 0, 1, 0, 1, 3, 1, 1, 1, 0, 1, 1, 2, 1, 1, 4, 1, 2, 0, 0, 0, 1, 0, 0, 1, 0, 0, 1, 0, 0, 2, 1, 0, 0, 0, 3, 1, 4, 1, 0, 0, 1, 1, 0, 2, 1, 1, 0, 1, 0, 0, 1, 1, 1, 1, 1, 1, 0, 1, 0, 1, 1, 1, 2, 1, 0, 1, 0, 1, 0, 1, 1, 0, 2, 2, 1, 1, 1, 0, 2, 1, 0, 0, 0, 0, 0, 2, 0, 2, 1, 1, 1, 2, 0, 1, 1, 1, 1, 0, 0, 0, 0, 0, 0, 0, 1, 0, 3, 0, 1, 0, 0, 1, 0, 1, 1, 4, 0, 0, 1, 0, 2, 0, 3, 0, 2, 2, 1, 2, 0, 0, 0, 0, 0, 0, 0, 0, 1, 1, 0, 1, 0, 1, 2, 0, 1, 0, 1, 1, 0, 0, 1, 2, 0, 0, 1, 1, 1, 1, 0, 1, 0, 1, 1, 1, 0, 1, 1, 2, 1, 0, 1, 0, 1, 1, 0, 0, 0, 0, 1, 0, 1, 0, 1, 1, 0, 0, 0, 1, 1, 1, 1, 1, 0, 1, 0, 1, 1, 1, 0, 2, 1, 1, 1, 0, 1, 0, 0, 0, 0, 1, 2, 0, 1, 2, 1, 1, 1, 0, 1, 1, 0, 1, 0, 1, 0, 0, 3, 2, 1, 1, 1, 1, 1, 0, 1, 1, 0, 0, 0, 1, 0, 1, 1, 0, 1, 2, 2, 1, 1, 2, 0, 0, 0, 1, 1, 1, 2, 1, 2, 2, 1, 1, 1, 0, 0, 1, 1, 0, 1, 2, 2, 0, 0, 1, 0, 0, 0, 1, 1, 1, 0, 0, 2, 1, 0, 0, 0, 1, 2, 4, 1, 0, 4, 0, 1, 1, 0, 0, 2, 1, 0, 0, 4, 1, 1, 0, 2, 1, 2, 0, 2, 1, 1, 1, 0, 0, 1, 0, 4, 1, 2, 1, 1, 1, 1, 1, 1]