0 8 16 61 67 73 82 88 103 105 109 113 119 121 123 124 135 138 148 160 165 170 172 174 176 181 186 191 202 213 216 222 227 230 240 242 263 265 266 267 277 289 291 294 311 325 327 328 367 368 373 374 375 376 378 383 385 389 392 395 400 404 406 
1 2 9 18 19 33 34 43 66 82 99 133 159 171 182 186 196 236 242 257 265 288 289 304 308 323 326 333 353 386 415 
2 7 9 10 13 18 23 30 33 34 38 43 49 54 55 58 63 66 67 79 82 86 92 93 95 99 101 102 104 112 115 118 132 133 136 137 141 145 149 152 157 159 162 165 167 168 171 172 180 184 185 188 203 206 208 213 214 219 222 229 236 238 239 240 242 249 253 255 257 265 272 273 277 278 279 281 288 289 291 292 294 296 301 303 306 308 311 315 320 326 327 333 334 344 345 349 352 353 354 358 363 369 375 378 379 382 386 387 389 391 395 413 414 417 418 
3 7 13 16 17 23 33 34 46 51 66 75 78 79 82 85 86 93 95 98 99 104 112 133 136 137 139 145 146 157 159 161 162 168 171 174 181 182 184 185 187 188 203 206 208 211 213 218 227 229 236 242 243 247 253 260 264 274 279 289 294 296 301 306 311 315 321 322 326 327 334 345 346 347 349 352 353 354 363 365 367 369 373 381 394 395 397 404 405 416 417 418 
4 8 16 81 109 125 148 176 194 206 213 242 286 289 298 361 363 385 395 406 417 
5 39 287 384 394 
6 109 134 141 159 222 237 406 
7 34 76 85 141 176 184 225 278 363 395 
8 11 33 35 37 45 54 63 67 69 75 76 77 78 80 85 86 99 103 109 110 111 112 114 117 119 123 124 125 134 138 141 148 150 159 160 163 174 176 184 202 206 208 211 213 222 225 226 232 236 237 240 242 255 256 257 263 266 267 277 278 292 295 299 321 325 327 328 332 333 334 335 336 346 350 356 363 364 368 373 376 383 386 389 395 406 411 414 418 
9 33 43 58 86 92 98 99 112 127 133 152 168 176 196 208 236 242 253 262 265 273 274 279 283 288 292 306 308 311 320 321 345 370 376 379 395 400 403 
10 19 28 33 48 61 63 78 82 86 89 95 98 99 115 126 133 144 145 146 159 187 196 198 206 214 229 231 236 253 265 272 274 281 289 296 313 354 375 380 399 
11 34 36 44 47 55 58 69 80 86 87 99 104 109 110 114 118 121 132 138 139 141 159 163 180 184 190 195 211 213 221 222 226 229 236 237 240 242 244 251 272 287 295 298 299 309 334 345 349 352 363 364 367 373 376 378 385 386 389 395 397 402 
12 184 
13 27 35 48 59 141 154 159 164 170 176 190 206 209 217 219 228 234 236 237 240 242 243 255 257 259 291 349 351 383 394 400 412 418 
14 34 36 44 45 47 55 56 68 69 77 80 86 88 95 98 109 110 113 114 117 119 134 140 141 159 162 163 173 176 181 184 191 193 211 222 227 228 236 237 242 243 245 246 267 276 278 284 301 325 364 376 385 388 389 406 
15 34 78 139 144 236 338 408 
16 81 109 134 158 316 317 363 376 395 
17 80 109 110 114 158 184 204 211 230 252 261 328 372 376 378 385 
18 
19 33 34 37 57 63 66 78 79 82 86 89 93 95 97 98 99 104 107 115 126 133 136 144 145 146 151 156 157 159 170 171 176 182 186 187 192 196 198 206 208 214 229 231 236 240 242 249 253 255 257 262 270 272 275 279 288 289 293 294 295 301 308 315 333 337 352 353 368 380 381 382 384 386 387 389 391 395 396 399 403 408 414 416 417 418 
20 95 
21 36 180 191 226 278 364 
22 35 51 53 54 76 88 109 114 168 169 176 184 201 203 211 222 230 242 263 267 278 284 296 299 328 344 357 367 373 383 395 
23 33 34 38 49 50 54 58 61 63 65 66 79 86 98 99 101 104 118 133 136 137 146 159 168 171 179 185 186 187 221 228 234 236 238 243 248 253 265 272 281 288 289 292 296 301 307 315 320 346 350 353 354 382 386 387 410 414 416 417 418 
24 418 
25 50 136 168 206 246 281 353 386 
26 
27 30 50 103 118 121 145 170 201 216 217 219 233 234 243 252 259 261 267 272 291 292 304 307 325 375 381 385 400 410 
28 48 141 176 289 301 376 
29 121 
30 43 53 65 99 165 169 170 201 216 226 234 255 259 284 291 299 305 311 319 356 376 398 400 
31 47 69 116 141 184 235 293 386 
32 141 
33 34 43 46 49 50 51 54 55 58 66 76 79 86 92 93 95 98 99 104 105 109 112 133 137 139 141 145 151 152 157 159 160 162 171 176 180 181 182 185 186 188 201 203 206 214 226 229 230 231 236 237 238 239 242 249 253 255 257 260 262 274 281 283 287 288 292 296 301 307 315 319 320 321 326 333 345 346 347 352 353 370 379 388 395 397 400 403 406 414 415 416 417 418 
34 58 66 78 82 93 170 181 240 242 246 255 287 288 289 294 349 373 375 387 395 414 
35 99 109 116 160 163 184 201 222 224 250 278 284 329 363 373 385 
36 44 47 110 119 174 176 211 221 364 
37 108 110 174 176 184 213 222 230 234 236 295 367 
38 49 50 51 54 55 58 61 63 66 70 72 78 82 85 86 89 92 93 95 98 99 104 112 115 118 133 137 139 141 146 149 152 155 157 159 162 168 171 174 176 180 181 182 185 186 187 188 203 205 206 209 217 222 226 228 229 234 236 239 240 242 243 244 249 251 253 255 257 260 262 263 265 270 283 288 289 290 294 296 301 307 308 310 315 320 321 326 327 328 333 334 336 345 346 347 349 352 354 357 358 363 369 374 375 379 382 386 387 395 400 403 405 413 414 415 416 417 418 
39 159 181 301 384 
40 61 76 85 87 119 135 141 150 152 157 190 230 234 237 245 266 278 292 326 328 339 356 364 367 374 376 385 386 395 406 
41 98 
42 
43 50 58 66 79 86 89 92 93 98 99 104 105 106 107 118 121 133 145 146 152 157 159 180 186 187 196 222 229 234 236 238 239 242 253 255 257 262 265 272 288 289 294 307 308 311 315 327 333 345 346 349 353 372 376 378 379 382 385 386 387 395 403 414 416 417 418 
44 56 85 109 123 134 160 204 222 230 232 240 277 290 337 367 368 374 389 
45 58 69 70 75 83 103 109 110 116 136 141 144 148 159 169 176 184 202 206 208 225 227 230 232 236 237 240 263 273 278 309 335 344 363 368 376 395 410 
46 86 206 281 353 382 386 
47 110 141 163 230 240 293 295 
48 237 
49 51 54 59 61 63 66 78 79 82 86 90 93 98 99 102 105 111 112 115 118 129 132 133 136 139 141 144 145 149 151 156 159 161 162 167 168 170 171 176 180 181 185 186 187 188 201 206 226 229 234 236 237 238 239 242 243 244 247 249 253 255 257 260 265 267 270 272 274 277 279 281 283 284 287 288 289 292 294 296 299 301 303 308 311 315 322 327 333 334 337 339 344 345 346 347 349 353 354 357 364 365 368 370 375 376 379 382 386 387 395 403 413 414 415 417 418 
50 51 54 58 63 66 72 78 82 86 89 91 93 98 99 104 112 122 127 129 136 137 139 145 157 159 162 168 171 176 180 181 182 185 186 196 203 206 213 216 217 221 228 229 230 236 242 251 253 260 265 272 274 275 282 287 288 289 292 294 296 301 306 308 311 320 326 327 333 334 345 346 347 349 353 354 358 369 375 379 381 382 385 386 389 399 403 404 405 410 414 416 417 418 
51 54 55 58 61 63 66 72 79 82 86 93 98 99 115 118 122 133 136 151 152 159 162 168 171 180 182 186 187 188 203 205 206 228 229 236 242 249 253 255 257 260 272 279 281 283 287 294 296 301 315 334 340 349 353 354 369 379 386 395 404 414 417 418 
52 
53 67 109 160 184 273 317 376 
54 65 66 76 79 82 98 104 118 133 141 155 159 162 163 168 176 180 182 185 203 205 206 218 227 229 234 236 239 242 251 253 258 265 274 292 299 301 311 315 327 344 349 353 354 361 368 373 379 381 386 395 405 414 415 417 418 
55 95 132 139 145 151 155 157 159 162 188 206 211 236 262 283 288 294 296 301 308 334 345 352 395 407 414 418 
56 81 109 116 160 184 191 194 211 223 232 237 245 248 278 295 306 314 335 363 373 386 389 395 406 417 
57 63 65 67 88 108 141 148 176 186 217 242 257 353 366 
58 63 65 66 67 78 86 89 93 95 104 109 133 137 139 152 155 159 161 162 168 171 180 186 187 188 196 197 206 229 236 237 242 255 260 265 270 272 273 274 275 278 279 281 283 289 291 308 309 319 320 321 326 333 335 340 345 349 353 373 376 379 381 382 386 387 394 395 399 414 418 
59 141 234 
60 63 89 91 95 97 98 99 104 115 126 133 136 139 141 145 146 152 157 159 164 167 170 180 181 186 190 207 210 229 234 236 246 255 258 263 278 287 288 289 291 293 299 312 340 346 347 349 361 375 382 385 386 387 391 395 398 405 410 414 418 
61 63 66 72 79 82 86 92 93 95 97 99 104 105 112 115 121 122 132 136 145 149 151 157 159 162 168 171 182 186 203 204 206 208 229 236 238 242 253 255 257 260 265 272 279 288 294 315 321 322 326 333 334 340 345 346 347 349 352 354 363 369 371 382 386 387 395 404 414 417 418 
62 107 129 165 181 203 216 253 257 275 345 346 348 352 361 363 364 386 404 
63 66 68 91 98 99 109 133 135 141 152 154 157 159 162 168 171 181 185 187 206 237 242 248 255 257 265 272 278 287 288 289 292 301 311 321 327 333 349 352 375 381 382 386 395 400 410 411 415 417 418 
64 
65 74 78 87 103 125 129 135 154 164 165 167 170 183 184 217 219 234 235 242 243 257 259 281 282 284 288 291 319 329 330 337 338 341 348 350 361 365 374 383 386 394 398 399 400 402 405 410 412 418 
66 89 93 98 99 104 112 133 152 155 157 159 162 168 171 181 186 196 203 218 236 242 251 253 262 272 288 292 306 326 345 353 358 379 386 387 390 395 413 417 
67 109 123 159 170 176 184 193 236 277 308 309 312 316 325 367 376 385 406 407 
68 136 222 291 400 
69 72 75 80 81 85 98 99 100 102 103 104 105 109 110 114 116 124 136 141 146 157 158 159 160 163 176 184 202 208 211 213 221 222 225 227 228 230 236 240 242 255 263 267 270 279 282 286 290 295 298 299 305 309 317 328 332 347 352 354 362 364 367 373 374 376 385 389 395 397 406 417 
70 109 141 157 160 163 176 184 234 267 278 287 299 415 
71 297 309 395 403 
72 78 79 80 86 91 95 98 99 110 114 118 136 141 142 144 146 159 161 168 171 181 185 186 187 196 203 206 209 218 227 230 236 240 242 249 253 255 262 265 272 274 278 279 283 289 294 296 297 299 301 311 327 333 346 349 353 354 358 364 373 381 386 395 403 404 410 414 417 418 
73 141 163 164 172 184 305 375 383 385 386 
74 
75 76 85 107 109 110 138 141 150 163 165 174 178 194 204 213 222 227 230 238 240 242 244 256 263 290 295 298 309 317 328 364 368 373 385 386 410 
76 80 85 87 88 91 92 93 109 110 114 120 123 131 138 141 157 159 160 168 169 174 176 178 184 201 204 208 209 211 213 222 225 226 230 236 237 240 255 263 267 270 278 290 295 299 309 317 333 344 347 353 359 367 368 372 374 376 383 385 
77 88 110 123 136 141 160 190 211 225 235 263 278 284 295 299 325 328 348 363 383 385 389 397 406 407 410 
78 79 80 82 85 86 88 89 93 95 98 99 100 102 109 115 118 126 132 133 135 136 137 144 151 157 159 161 162 168 170 171 180 186 187 196 203 206 214 228 229 231 236 240 242 249 253 255 257 259 260 265 272 275 283 285 287 289 291 292 293 296 301 306 307 308 310 315 321 322 326 333 334 338 340 345 353 369 375 379 382 385 386 387 391 395 396 399 400 404 408 416 417 418 
79 82 85 86 89 90 91 93 98 99 103 104 112 115 118 122 133 136 137 139 151 152 159 161 162 168 171 174 176 182 185 186 187 203 206 218 227 229 236 242 243 244 253 255 260 265 270 272 274 275 278 279 281 283 285 288 289 294 299 301 306 308 310 315 321 322 325 326 334 337 345 346 347 349 353 354 363 367 368 369 370 373 379 382 386 387 395 403 404 410 411 414 417 418 
80 81 85 87 88 99 100 109 114 119 129 138 141 158 159 160 174 176 178 179 184 190 208 209 211 213 216 221 222 226 230 236 237 238 240 242 247 255 256 263 267 273 276 277 278 284 295 299 300 309 314 316 317 328 334 356 372 378 385 387 397 405 407 418 
81 88 109 114 121 141 159 174 194 219 222 226 236 240 242 252 258 273 278 295 299 306 317 328 356 363 368 376 382 414 
82 86 91 93 95 99 103 104 112 133 134 136 145 147 149 157 159 164 168 171 182 185 186 187 206 212 230 231 236 239 242 253 255 260 265 272 274 279 283 288 289 292 294 301 307 308 315 324 326 327 333 334 345 346 349 353 354 363 367 382 386 387 395 397 399 407 414 415 416 417 418 
83 117 150 
84 
85 141 150 159 160 184 211 230 
86 89 91 93 98 99 102 104 105 107 114 118 132 133 145 159 161 168 170 171 173 180 181 182 186 187 204 218 222 229 234 236 238 239 242 249 253 257 259 265 272 281 283 287 288 292 295 299 306 307 310 324 334 343 345 346 347 352 353 358 386 387 395 399 403 414 417 418 
87 
88 93 105 109 110 116 119 134 137 141 158 160 173 176 184 188 201 204 205 208 213 222 243 245 246 267 275 276 277 278 283 284 295 298 317 363 364 366 367 368 373 374 376 383 385 386 389 397 406 418 
89 93 95 97 98 99 105 107 115 118 126 128 133 136 137 144 145 146 151 156 157 159 170 172 176 180 186 187 196 198 203 206 214 222 224 228 229 231 236 238 242 244 246 253 255 257 258 259 260 262 275 281 288 289 293 294 306 313 318 322 327 333 340 352 353 354 362 379 382 385 386 387 394 395 398 399 400 403 405 408 414 416 417 
90 132 151 170 171 182 236 260 289 295 379 386 399 414 417 
91 95 98 159 178 182 236 288 310 320 324 349 375 410 414 
92 109 114 119 120 163 194 209 372 395 
93 98 99 104 112 122 132 133 137 139 141 145 149 151 152 155 157 159 160 162 167 168 170 171 176 180 181 182 185 186 187 188 203 206 229 234 236 238 240 242 246 249 253 255 257 260 262 265 272 274 279 283 285 287 288 289 291 292 293 294 296 301 308 309 310 320 323 326 327 333 339 345 346 349 352 353 354 371 374 382 386 391 395 399 403 410 414 416 417 418 
94 176 295 299 344 364 374 385 414 
95 98 99 104 109 115 126 133 137 144 145 146 152 157 159 165 171 176 180 184 186 187 196 206 209 222 229 231 236 242 253 255 257 262 265 272 274 281 285 288 289 292 299 306 307 308 320 326 327 334 338 345 349 352 358 364 365 368 382 385 390 391 395 399 403 413 414 416 417 418 
96 126 196 198 207 208 214 299 318 410 
97 104 159 171 229 236 379 405 417 
98 99 105 107 115 133 137 139 141 145 151 159 161 162 168 170 171 180 181 182 185 196 206 216 218 219 222 225 229 236 238 239 242 251 253 255 260 270 272 275 281 283 287 288 292 301 308 310 315 320 326 327 333 345 346 347 349 353 354 358 375 379 382 386 387 395 403 409 411 414 418 
99 102 105 107 112 122 127 129 133 136 137 139 141 145 146 149 152 155 157 159 162 168 170 171 180 181 185 186 187 196 201 203 206 211 213 219 222 226 228 229 230 233 236 238 239 242 243 247 249 253 255 259 262 265 270 272 275 281 283 284 285 288 292 293 295 296 299 301 304 305 306 307 308 310 311 315 321 322 326 333 334 344 345 346 347 349 352 353 354 357 358 369 373 375 382 386 387 399 403 406 408 411 414 415 416 417 418 
100 121 383 
101 
102 104 107 118 132 157 159 160 161 162 168 182 186 229 236 238 251 253 270 306 333 347 349 369 387 395 403 413 417 418 
103 234 259 
104 118 133 146 157 159 180 182 185 196 229 234 236 242 270 345 347 395 403 417 418 
105 119 121 133 134 135 152 153 157 159 182 186 190 195 213 223 229 236 238 242 257 288 305 326 327 352 353 364 386 387 389 395 414 417 418 
106 385 417 
107 114 118 122 133 137 142 159 171 181 186 228 229 236 242 249 253 272 288 289 308 309 312 320 327 333 345 352 385 386 387 403 411 414 417 
108 110 121 154 164 170 213 234 259 289 328 350 356 367 400 402 405 410 
109 110 114 116 117 119 122 123 124 131 134 141 148 155 157 159 162 163 173 176 180 181 184 185 187 192 193 194 195 201 204 208 209 211 212 213 219 222 223 226 227 229 230 235 236 237 241 242 267 269 273 276 278 284 288 289 298 299 300 301 305 314 328 333 335 344 345 356 363 364 366 368 376 379 381 385 387 393 395 400 404 406 408 414 417 
110 119 123 124 126 129 139 141 148 157 158 159 163 174 176 184 188 194 195 208 211 213 222 225 230 232 236 237 240 243 245 252 253 266 273 275 278 292 298 299 300 303 307 309 328 335 344 350 356 363 364 368 406 
111 
112 129 136 157 159 181 203 221 233 236 239 253 255 267 272 288 292 299 327 333 349 354 363 387 395 417 418 
113 
114 123 134 138 141 155 159 174 178 179 186 190 195 208 209 211 213 217 222 226 227 230 232 236 237 238 240 242 252 255 278 286 290 298 310 316 345 346 353 356 363 364 376 379 389 403 414 
115 126 133 139 144 145 146 151 152 156 157 168 170 182 186 187 196 198 214 219 229 236 255 257 272 274 278 279 288 289 294 299 313 320 321 327 333 340 349 353 375 379 380 399 414 416 417 418 
116 119 141 160 163 176 184 204 221 222 230 232 235 245 256 299 305 309 335 363 375 383 385 406 
117 119 139 159 160 184 191 195 199 201 211 229 230 235 236 273 277 278 309 322 366 367 381 389 
118 121 132 133 135 136 137 141 157 159 161 162 181 182 184 192 203 206 236 239 251 253 255 270 275 287 292 293 301 304 307 327 331 333 347 357 385 387 395 397 404 410 413 414 418 
119 132 134 140 141 150 159 160 173 184 189 197 199 201 208 211 213 221 222 227 230 232 236 237 238 240 245 255 256 257 267 273 277 278 289 295 317 329 341 342 344 363 364 367 368 373 376 385 397 406 413 
120 
121 136 141 154 155 162 163 164 170 180 190 219 222 226 228 234 236 253 257 267 275 289 291 295 298 302 337 341 346 361 371 373 387 400 414 
122 133 137 144 145 152 157 159 161 168 171 181 186 187 235 236 237 249 255 257 260 265 275 289 291 294 301 327 333 341 345 346 349 352 353 358 361 367 368 382 386 387 395 403 417 418 
123 134 141 163 171 184 208 222 223 225 236 237 242 255 278 298 305 329 347 376 380 395 406 411 417 
124 125 154 167 190 202 213 238 349 383 400 418 
125 141 163 
126 133 157 176 181 198 207 214 255 287 315 
127 308 345 
128 
129 159 181 185 236 255 287 288 311 326 
130 176 192 261 385 
131 196 
132 161 171 192 204 234 236 240 253 281 283 292 345 347 365 418 
133 137 157 159 182 206 229 236 239 255 257 275 285 288 289 292 333 340 350 385 387 399 403 414 416 417 
134 158 173 195 204 206 208 211 225 240 273 332 366 389 409 
135 154 164 165 176 181 203 234 236 243 259 291 299 350 410 
136 149 150 151 152 159 170 185 186 187 196 206 213 243 253 265 275 291 296 301 308 315 320 321 324 327 333 344 347 348 353 354 367 368 386 395 403 414 418 
137 145 152 157 171 184 192 196 206 229 236 242 243 255 260 265 272 275 281 283 288 292 294 307 320 326 327 333 340 349 350 352 353 386 395 403 414 417 418 
138 184 189 208 209 226 234 240 242 263 267 278 311 385 
139 141 145 149 156 157 159 162 164 168 171 180 181 182 186 188 203 206 228 229 232 236 241 253 257 262 263 274 279 281 291 292 296 301 306 308 310 321 326 327 333 339 345 347 353 354 386 387 395 405 406 409 414 415 416 418 
140 
141 157 162 163 168 171 176 181 186 188 203 206 225 229 236 237 242 249 252 255 292 301 307 314 347 349 355 375 378 379 385 386 395 406 
142 
143 146 159 161 236 265 287 292 321 386 403 414 
144 146 157 159 170 171 180 187 196 206 214 226 228 229 236 242 255 257 265 272 275 278 289 299 301 307 308 315 321 379 385 386 395 399 411 416 418 
145 151 157 159 160 162 167 171 180 182 186 206 211 218 228 229 233 236 238 255 257 262 265 277 279 283 284 288 291 292 294 326 327 333 341 345 347 353 361 379 382 386 387 395 403 405 417 418 
146 159 180 181 196 228 229 230 231 236 242 253 255 267 289 327 340 344 352 386 387 391 395 398 399 403 405 414 416 417 
147 159 171 182 236 253 283 288 292 326 333 386 395 415 
148 154 176 198 207 243 245 275 294 368 386 408 410 
149 159 181 182 186 236 257 260 283 288 292 307 345 382 414 418 
150 156 159 163 184 221 222 224 246 291 385 389 406 418 
151 157 159 161 171 186 209 211 213 229 236 242 251 255 257 260 265 272 275 278 279 281 288 289 291 292 294 296 301 307 315 333 334 345 349 352 353 354 367 369 386 387 395 403 413 414 417 418 
152 157 159 161 162 168 171 180 182 184 185 186 187 196 203 206 207 214 229 230 236 242 255 257 260 262 265 272 274 279 288 289 295 306 307 308 310 311 315 326 333 334 345 349 352 353 354 363 367 370 376 378 382 386 395 405 413 416 417 
153 
154 209 216 217 219 234 237 243 251 253 259 263 266 275 283 291 299 305 327 337 361 362 374 375 390 395 398 400 410 418 
155 168 176 180 206 236 240 262 326 327 333 349 371 417 
156 176 184 222 225 317 345 
157 159 160 161 168 180 184 206 211 222 229 230 242 255 257 259 263 285 291 292 293 307 323 326 333 347 349 352 353 364 382 395 399 403 413 415 417 
158 185 190 221 239 299 343 
159 181 186 187 190 201 206 211 234 236 243 255 259 262 270 272 275 285 287 288 292 308 321 326 327 333 345 346 347 349 353 354 375 376 379 386 387 395 413 414 417 418 
160 163 174 176 184 186 191 211 222 230 236 237 240 242 251 255 257 263 267 270 273 333 349 363 368 379 382 389 397 406 418 
161 162 171 176 180 181 182 185 186 187 206 208 213 229 236 242 260 265 272 276 279 281 287 291 294 301 305 306 308 314 315 320 333 334 345 346 347 349 352 353 354 356 363 370 375 379 387 391 395 403 414 416 417 
162 163 168 171 180 181 185 186 187 205 206 225 234 236 247 249 251 255 265 274 283 287 292 294 301 306 307 308 311 315 327 333 337 345 346 347 349 353 354 357 381 387 395 414 416 418 
163 176 189 210 278 309 330 341 347 363 385 395 397 
164 170 216 219 234 259 328 385 390 410 412 
165 170 205 212 225 234 243 259 267 308 337 350 374 377 386 402 
166 196 255 289 334 352 416 
167 171 222 236 253 255 265 272 284 289 334 353 363 365 367 386 395 414 417 418 
168 171 176 181 184 186 187 188 196 203 213 218 226 229 236 240 242 246 247 249 253 255 260 262 265 270 272 275 279 281 283 288 290 291 292 294 299 301 303 304 306 307 309 320 321 326 327 333 334 344 345 346 347 349 352 353 354 358 365 368 369 373 375 379 382 386 387 395 404 411 413 414 415 416 417 418 
169 
170 181 195 219 225 227 230 234 236 242 243 255 275 291 294 298 299 305 320 337 338 341 346 350 353 356 380 382 383 385 386 390 398 400 410 412 
171 176 180 182 185 187 188 196 203 206 218 228 229 233 234 236 239 242 247 248 251 253 255 257 262 265 270 272 274 275 281 283 285 287 288 289 292 295 299 301 306 307 320 321 326 327 328 333 334 345 347 349 352 353 368 375 379 382 386 387 395 403 410 414 417 418 
172 328 
173 184 192 201 208 222 230 235 237 242 278 364 368 409 
174 176 190 197 213 222 240 242 252 257 258 266 281 286 298 299 364 372 
175 363 373 
176 385 
177 
178 190 208 230 240 278 314 356 367 373 
179 347 
180 181 182 185 186 188 198 202 206 218 222 226 229 230 236 242 243 249 250 253 255 257 262 273 275 277 280 281 288 289 290 292 293 294 296 299 301 307 308 311 321 326 327 333 334 344 345 346 349 352 353 363 368 369 379 381 382 386 387 395 399 402 403 406 407 414 415 416 417 418 
181 203 205 206 236 242 249 253 263 287 290 294 298 299 301 307 310 321 333 349 358 363 364 379 382 386 387 395 405 410 412 414 417 418 
182 236 260 334 354 
183 216 234 350 361 374 382 
184 199 222 226 242 278 295 327 329 395 412 
185 206 218 257 260 287 289 301 307 315 322 354 395 405 414 417 
186 187 188 191 203 206 212 217 221 228 229 230 236 237 238 242 253 255 257 260 272 279 281 283 284 287 288 289 291 294 301 305 306 307 308 310 316 320 321 322 326 327 333 344 347 349 353 354 356 368 370 375 378 381 382 385 386 387 395 399 403 404 405 413 414 417 418 
187 196 203 217 219 229 236 237 239 240 242 253 257 260 262 272 282 283 287 288 289 290 291 292 293 294 301 308 315 318 320 321 322 324 327 333 345 346 347 348 349 352 353 354 357 369 373 375 379 382 385 386 387 391 395 399 403 404 408 410 414 416 417 418 
188 206 208 212 236 242 253 267 281 285 289 296 301 303 306 308 315 321 326 328 333 347 353 361 375 381 383 395 418 
189 406 
190 208 211 219 222 243 251 255 257 263 289 295 298 299 309 339 349 356 385 417 
191 211 222 230 232 236 237 240 243 256 266 278 292 335 367 368 379 383 
192 316 385 
193 
194 221 224 225 227 237 240 263 278 299 373 385 406 
195 211 222 225 227 230 236 237 240 249 270 278 295 299 309 317 332 363 367 373 385 389 393 406 
196 203 205 222 229 236 237 255 257 262 272 281 283 288 289 292 293 308 312 320 327 347 352 380 381 386 387 391 395 399 411 414 416 
197 
198 206 207 214 229 255 270 287 291 318 405 410 416 
199 209 226 344 372 389 406 
200 418 
201 208 230 237 242 243 247 250 267 269 276 277 278 284 292 299 309 329 338 357 363 368 375 381 383 393 414 
202 230 251 
203 216 222 226 234 236 242 253 255 259 260 262 263 272 275 287 290 294 296 298 299 301 320 326 327 345 346 354 358 363 373 375 379 381 382 386 387 395 403 404 411 413 414 417 418 
204 240 278 364 
205 228 236 242 253 260 265 284 287 288 291 299 301 307 322 327 331 347 352 358 386 395 403 404 405 410 414 415 416 417 418 
206 208 218 222 229 236 240 242 251 253 255 257 258 267 272 275 281 283 287 288 289 292 293 294 296 301 307 311 315 326 327 333 345 349 353 354 363 379 382 386 389 395 399 405 417 418 
207 214 236 255 265 273 304 308 311 318 319 376 395 407 
208 211 225 226 240 241 258 321 364 385 403 
209 211 213 226 237 240 243 251 267 270 291 298 299 309 328 346 372 374 
210 242 255 270 340 386 395 417 
211 234 270 278 376 395 
212 219 232 234 259 272 278 328 374 400 
213 222 236 240 255 278 294 300 317 350 353 356 364 383 414 418 
214 224 236 255 289 293 303 318 361 362 395 405 410 411 416 
215 
216 217 219 234 236 243 251 253 291 295 319 338 374 400 402 
217 259 305 
218 229 236 240 301 308 320 358 395 418 
219 234 259 362 390 400 412 
220 
221 234 246 259 293 295 298 335 364 393 
222 226 230 236 237 240 242 244 252 253 258 263 267 273 276 277 278 284 295 299 300 305 317 321 328 335 345 350 356 363 364 373 376 383 385 388 389 411 414 
223 278 352 
224 236 291 299 309 335 341 372 386 
225 227 240 309 335 
226 230 232 236 238 240 242 255 256 263 278 285 299 309 317 328 335 363 364 372 381 395 405 
227 237 240 246 253 263 277 278 298 317 319 364 373 385 389 410 
228 229 236 242 243 253 255 257 259 265 272 281 283 285 291 292 295 301 311 320 326 327 328 333 340 341 346 363 376 379 385 386 387 395 405 410 414 418 
229 236 240 253 254 255 257 270 272 274 281 289 294 299 307 320 322 326 347 353 357 375 381 387 395 399 403 411 413 416 417 
230 236 237 238 240 242 252 253 263 267 270 278 286 288 295 297 298 299 309 321 346 347 353 356 368 373 385 386 387 392 395 403 406 414 417 418 
231 257 
232 240 262 266 299 329 351 376 410 
233 267 381 403 
234 259 291 337 341 402 
235 305 314 328 
236 242 253 257 262 272 288 292 326 327 345 352 353 382 386 387 395 403 414 415 418 
237 240 242 267 273 278 299 317 325 346 349 364 367 385 
238 352 414 417 
239 249 253 270 288 289 315 321 324 326 345 349 353 358 386 395 399 403 404 418 
240 242 246 252 253 255 257 263 267 275 278 295 297 299 317 321 328 335 363 367 368 373 374 383 385 386 389 395 410 414 417 418 
241 
242 253 255 257 273 285 288 290 299 311 317 321 326 327 333 334 349 363 372 373 375 376 386 395 412 415 416 418 
243 272 291 381 411 
244 
245 
246 353 
247 249 
248 289 306 358 
249 252 253 265 272 279 285 290 292 305 307 321 327 346 347 349 352 353 354 358 363 375 386 387 395 399 403 414 417 418 
250 
251 253 276 288 291 309 316 333 362 395 
252 328 
253 257 258 262 275 279 283 288 290 291 296 321 327 333 346 379 382 387 395 403 404 410 414 418 
254 
255 256 263 265 272 288 293 307 318 321 326 334 338 349 352 386 395 399 414 415 
256 
257 260 262 265 272 275 279 281 288 289 291 292 294 307 308 321 322 326 327 333 334 338 341 349 352 353 354 372 375 382 386 387 395 397 403 411 414 416 417 418 
258 289 386 418 
259 373 
260 272 274 279 283 292 295 301 306 310 315 320 322 326 333 334 349 352 353 354 357 369 370 373 382 387 395 404 414 416 417 418 
261 385 
262 272 281 283 288 290 292 294 301 308 333 339 345 347 352 353 354 359 375 382 386 387 395 403 411 414 415 418 
263 267 274 291 295 299 301 305 325 327 350 363 373 374 414 
264 
265 272 277 283 289 292 294 295 296 299 301 304 306 307 308 311 319 321 326 327 333 334 341 345 347 349 351 354 356 368 376 377 382 386 387 395 410 411 414 415 416 417 418 
266 278 363 
267 275 276 284 294 298 309 311 317 327 335 344 345 356 363 367 368 372 381 389 395 410 
268 
269 
270 288 292 293 306 326 327 331 347 352 353 357 361 367 386 387 395 403 413 418 
271 
272 281 283 288 289 291 292 294 299 301 306 307 311 320 321 322 326 327 333 346 347 349 353 358 363 369 375 381 382 385 386 387 388 395 403 414 415 416 417 418 
273 278 308 311 353 363 364 373 376 378 385 395 417 
274 292 301 315 326 333 345 346 354 369 397 413 418 
275 281 283 288 289 296 306 320 333 345 346 347 349 350 352 353 363 379 386 387 395 398 399 403 414 415 417 418 
276 278 309 316 363 364 373 389 
277 278 284 290 299 309 311 317 321 325 327 338 347 349 353 356 363 364 366 367 368 372 373 376 382 383 385 388 389 395 406 407 414 418 
278 289 291 299 309 311 320 325 329 349 356 363 373 376 382 383 385 386 389 395 397 406 418 
279 281 283 287 296 301 303 306 308 311 315 323 326 327 333 334 346 347 349 352 353 354 367 368 379 382 385 386 395 414 417 418 
280 
281 283 288 289 291 292 294 296 306 308 310 327 333 345 347 353 354 375 379 382 386 387 395 403 418 
282 
283 285 288 289 296 301 304 306 308 310 320 321 326 327 334 345 347 349 352 353 354 363 365 368 373 375 376 379 381 382 386 387 391 395 399 400 404 410 414 415 416 417 418 
284 299 368 381 388 406 
285 288 353 
286 328 373 395 
287 291 301 311 320 340 346 347 353 357 381 382 385 386 387 395 404 405 410 414 416 418 
288 289 292 294 299 301 310 321 326 327 333 334 345 346 347 349 353 358 375 379 381 382 386 387 395 403 414 415 417 418 
289 293 295 301 306 308 313 321 324 326 333 337 345 347 349 352 354 373 379 380 381 385 386 387 391 395 399 403 405 410 412 414 416 417 418 
290 
291 295 299 305 337 338 360 374 395 398 400 410 412 
292 339 347 353 356 357 365 376 386 387 395 411 418 
293 301 315 326 327 338 352 382 391 395 416 417 
294 296 301 311 315 320 321 326 327 328 333 334 339 346 347 349 352 353 354 358 361 363 365 368 369 375 378 379 382 383 386 387 395 403 404 410 413 414 417 418 
295 298 299 309 316 328 332 341 356 363 364 373 385 386 389 402 406 
296 301 306 307 320 321 333 340 346 347 349 353 354 358 379 382 386 387 395 405 414 416 418 
297 
298 300 301 321 335 343 346 356 363 364 366 368 373 386 389 393 410 
299 309 311 325 328 341 343 348 363 364 368 373 385 386 389 395 410 
300 
301 307 308 310 315 322 326 333 334 339 347 349 350 353 354 356 360 363 364 366 369 370 373 374 379 382 386 387 395 399 404 405 411 414 415 416 418 
302 
303 328 
304 
305 306 327 337 345 347 361 368 374 375 400 412 
306 326 327 333 347 352 353 354 375 385 386 387 395 414 416 417 418 
307 311 315 322 326 327 333 334 345 347 349 353 367 369 375 382 386 387 395 403 404 413 416 418 
308 310 315 345 347 376 378 395 399 414 415 
309 337 363 364 367 378 397 414 
310 320 326 334 346 347 361 395 413 417 
311 334 353 378 395 400 405 410 416 
312 
313 
314 418 
315 323 333 334 347 353 354 369 382 395 405 410 417 418 
316 
317 325 345 346 350 356 363 368 373 376 378 385 386 389 395 414 
318 368 416 
319 374 390 400 405 
320 324 326 327 333 334 338 345 346 347 349 352 353 354 357 358 365 375 379 381 382 383 385 386 387 395 400 403 404 405 413 414 416 417 418 
321 324 327 333 341 343 345 349 358 367 382 386 395 403 404 411 416 418 
322 386 
323 333 417 
324 326 327 333 334 345 346 347 349 353 365 381 386 387 395 403 414 415 417 418 
325 373 376 411 
326 333 341 345 349 352 367 383 386 387 395 403 412 413 414 415 418 
327 333 345 347 352 353 385 387 390 395 403 404 414 418 
328 336 343 344 356 363 364 367 373 374 376 383 385 402 406 410 
329 372 376 
330 
331 
332 
333 334 345 349 352 353 368 379 385 386 395 406 414 415 416 417 418 
334 335 345 347 349 352 353 354 359 369 375 379 381 382 386 391 395 398 399 403 415 416 417 418 
335 338 362 363 364 366 368 373 385 389 391 404 406 
336 367 382 414 
337 361 374 395 400 402 
338 346 349 364 380 398 400 408 412 417 
339 
340 349 382 386 395 417 
341 
342 
343 363 417 
344 353 354 367 368 
345 387 414 417 418 
346 349 358 387 395 417 
347 349 353 354 362 375 381 386 387 395 413 414 418 
348 
349 354 363 367 374 379 382 386 412 414 417 418 
350 356 
351 
352 353 364 379 387 395 403 417 
353 358 369 375 382 386 387 389 403 414 417 418 
354 367 369 373 379 382 386 394 395 405 410 413 414 416 417 418 
355 
356 373 386 389 411 417 
357 400 405 417 
358 387 395 404 405 410 414 418 
359 
360 418 
361 363 374 385 398 400 402 403 410 414 
362 374 
363 378 385 
364 367 373 385 386 414 
365 367 368 386 387 
366 372 376 385 389 406 407 
367 374 376 378 385 386 389 393 395 397 404 418 
368 379 381 383 385 389 418 
369 373 379 382 386 387 395 403 404 418 
370 
371 386 417 418 
372 385 
373 383 386 411 414 
374 390 398 400 402 412 414 418 
375 381 382 386 387 395 399 400 403 413 414 415 416 417 418 
376 378 385 418 
377 
378 385 405 
379 382 386 387 389 395 403 415 418 
380 402 412 
381 385 
382 386 387 395 404 414 415 417 418 
383 385 389 414 
384 394 
385 
386 387 389 395 402 410 415 418 
387 395 403 405 411 413 414 416 417 418 
388 
389 406 410 418 
390 400 
391 395 399 408 416 
392 
393 
394 
395 399 400 
396 
397 
398 
399 416 417 
400 402 403 410 412 416 
401 
402 
403 414 417 418 
404 405 416 418 
405 
406 407 412 414 
407 
408 416 
409 
410 414 
411 414 
412 
413 418 
414 415 416 417 418 
415 416 417 418 
416 
417 418 
418 
[0, 1, 1, 1, 0, 4, 0, 0, 0, 1, 1, 0, 0, 2, 0, 1, 0, 0, 1, 1, 1, 0, 0, 1, 1, 1, 0, 2, 0, 2, 2, 0, 0, 1, 1, 0, 0, 0, 1, 4, 0, 1, 4, 1, 0, 0, 1, 0, 0, 1, 1, 1, 0, 0, 1, 1, 0, 0, 1, 2, 1, 1, 0, 1, 4, 2, 1, 0, 0, 0, 0, 0, 1, 0, 1, 0, 0, 0, 1, 1, 0, 0, 1, 0, 1, 0, 1, 0, 0, 1, 1, 1, 0, 1, 0, 1, 3, 1, 1, 1, 0, 1, 1, 2, 1, 1, 4, 1, 2, 0, 0, 0, 1, 0, 0, 1, 0, 0, 1, 0, 0, 2, 1, 0, 0, 0, 3, 1, 4, 1, 0, 0, 1, 1, 0, 2, 1, 1, 0, 1, 0, 0, 1, 1, 1, 1, 1, 1, 0, 1, 0, 1, 1, 1, 2, 1, 0, 1, 0, 1, 0, 1, 1, 0, 2, 2, 1, 1, 1, 0, 2, 1, 0, 0, 0, 0, 0, 2, 0, 2, 1, 1, 1, 2, 0, 1, 1, 1, 1, 0, 0, 0, 0, 0, 0, 0, 1, 0, 3, 0, 1, 0, 0, 1, 0, 1, 1, 4, 0, 0, 1, 0, 2, 0, 3, 0, 2, 2, 1, 2, 0, 0, 0, 0, 0, 0, 0, 0, 1, 1, 0, 1, 0, 1, 2, 0, 1, 0, 1, 1, 0, 0, 1, 2, 0, 0, 1, 1, 1, 1, 0, 1, 0, 1, 1, 1, 0, 1, 1, 2, 1, 0, 1, 0, 1, 1, 0, 0, 0, 0, 1, 0, 1, 0, 1, 1, 0, 0, 0, 1, 1, 1, 1, 1, 0, 1, 0, 1, 1, 1, 0, 2, 1, 1, 1, 0, 1, 0, 0, 0, 0, 1, 2, 0, 1, 2, 1, 1, 1, 0, 1, 1, 0, 1, 0, 1, 0, 0, 3, 2, 1, 1, 1, 1, 1, 0, 1, 1, 0, 0, 0, 1, 0, 1, 1, 0, 1, 2, 2, 1, 1, 2, 0, 0, 0, 1, 1, 1, 2, 1, 2, 2, 1, 1, 1, 0, 0, 1, 1, 0, 1, 2, 2, 0, 0, 1, 0, 0, 0, 1, 1, 1, 0, 0, 2, 1, 0, 0, 0, 1, 2, 4, 1, 0, 4, 0, 1, 1, 0, 0, 2, 1, 0, 0, 4, 1, 1, 0, 2, 1, 2, 0, 2, 1, 1, 1, 0, 0, 1, 0, 4, 1, 2, 1, 1, 1, 1, 1, 1]