0 67 88 119 186 227 230 277 328 383 385 392 395 
1 2 33 34 82 99 133 147 236 265 288 308 326 333 386 415 
2 9 10 33 34 38 43 49 54 55 58 63 66 79 82 86 93 99 102 104 112 118 133 136 137 145 152 157 159 162 167 168 171 180 184 185 188 203 206 208 214 229 236 239 242 253 255 265 277 279 281 292 294 296 301 303 306 308 311 315 326 327 333 334 345 349 352 353 354 358 363 369 379 382 386 387 395 413 414 417 418 
3 13 23 33 51 66 82 86 93 95 98 99 104 112 133 136 137 145 146 157 159 161 162 168 171 174 181 184 185 188 203 206 211 218 229 236 247 260 274 279 289 296 301 306 311 315 321 324 326 327 345 347 349 352 367 369 395 397 404 405 416 417 418 
4 81 109 
5 39 287 
6 109 134 141 237 
7 76 141 
8 33 67 69 77 103 109 110 141 160 163 176 211 213 222 225 240 256 263 266 278 295 299 335 363 368 376 386 395 406 
9 33 43 133 168 208 236 253 273 283 311 321 345 395 
10 19 28 78 82 89 95 98 99 115 133 144 145 146 159 187 196 229 236 253 265 272 274 281 289 296 354 399 
11 69 109 110 114 141 163 184 190 195 211 222 229 237 251 295 299 363 364 367 373 385 397 
12 184 
13 243 291 400 412 
14 44 45 47 69 77 95 109 110 114 134 141 162 173 176 184 222 237 243 276 278 284 364 385 389 
15 144 236 
16 81 109 158 363 376 395 
17 109 110 158 184 204 372 376 385 
18 
19 33 34 66 78 79 82 86 89 95 98 99 104 115 133 136 144 146 147 151 159 171 176 186 187 196 206 208 229 231 236 242 253 255 257 262 270 272 275 288 289 293 294 301 324 333 352 353 368 381 386 387 391 395 399 414 416 417 418 
20 
21 
22 53 88 109 114 169 176 184 201 211 222 263 278 284 296 299 328 344 367 
23 33 34 38 50 54 61 63 66 79 86 98 99 104 118 146 168 171 187 221 236 272 292 301 307 346 382 386 387 414 416 417 418 
24 418 
25 50 
26 
27 118 234 243 291 
28 176 301 376 
29 
30 170 216 226 234 255 356 398 
31 69 116 184 
32 
33 43 50 51 55 58 66 76 79 86 92 93 99 104 112 133 137 139 145 147 151 152 157 159 160 180 181 185 186 203 206 226 229 236 239 242 253 260 274 283 292 296 321 326 333 345 346 379 395 397 415 416 418 
34 66 78 82 181 242 255 294 395 414 
35 163 184 201 224 278 373 385 
36 
37 110 184 230 367 
38 49 50 51 54 55 58 61 63 66 72 78 82 86 93 95 98 99 104 112 115 118 137 146 152 155 157 159 162 168 171 174 180 181 186 187 188 203 209 226 229 236 239 240 242 249 251 253 255 260 263 265 270 283 288 289 294 301 307 315 321 324 326 327 333 334 345 346 347 349 352 354 357 358 369 375 382 386 387 395 413 414 415 416 417 418 
39 301 384 
40 150 190 230 237 278 328 356 374 376 406 
41 236 
42 
43 79 93 106 107 118 157 229 236 239 253 255 308 315 333 386 395 416 417 418 
44 109 230 240 367 374 
45 69 83 103 109 110 141 148 176 184 225 227 230 232 237 240 263 273 309 344 363 368 376 
46 353 
47 141 163 
48 
49 51 54 63 66 79 82 86 93 98 99 102 105 112 115 118 129 132 133 136 139 144 145 147 149 151 159 162 168 171 181 185 188 206 229 236 238 242 243 247 249 253 257 260 272 283 287 288 289 292 294 296 299 301 308 311 315 324 327 333 334 337 344 345 346 347 349 353 354 357 364 365 379 382 386 387 395 413 414 417 418 
50 51 54 58 63 66 78 82 86 93 98 99 104 112 122 127 129 136 145 157 159 168 171 181 185 228 236 242 253 260 265 272 274 275 282 287 288 289 294 296 301 308 311 320 324 326 327 333 334 345 346 347 349 354 358 369 375 382 386 399 404 410 414 416 418 
51 54 55 61 63 66 72 82 86 93 99 122 133 136 151 152 159 162 168 171 180 188 203 228 229 236 242 253 255 257 260 272 279 281 287 294 301 334 340 354 369 379 386 395 404 414 418 
52 
53 160 
54 66 79 82 104 118 147 159 162 168 185 203 205 206 218 236 239 242 253 258 274 292 299 301 311 315 327 344 353 354 386 395 414 415 417 418 
55 157 334 345 414 418 
56 184 211 278 363 389 395 
57 67 141 148 176 186 366 
58 66 152 159 168 180 186 188 236 340 382 
59 141 234 
60 63 91 139 157 159 164 170 181 229 255 263 289 291 299 349 382 386 395 
61 63 66 72 79 82 93 99 112 122 136 145 149 157 159 162 168 171 186 203 229 236 242 253 255 257 260 265 272 288 294 321 326 333 334 340 345 347 349 352 354 363 369 382 386 387 395 404 414 417 418 
62 363 
63 141 171 242 272 278 327 418 
64 
65 125 154 170 183 234 242 243 291 361 374 398 402 410 
66 93 99 112 133 152 157 168 171 181 186 251 253 272 288 292 306 358 386 
67 109 123 184 309 385 
68 
69 72 80 81 100 103 105 109 110 141 146 157 158 160 163 184 202 208 211 221 222 227 240 255 279 286 295 299 305 309 317 364 374 385 395 397 406 
70 109 157 160 184 278 299 
71 309 
72 78 79 80 86 91 95 98 99 114 118 141 146 159 161 168 171 181 185 186 203 206 230 236 242 249 253 255 265 272 274 283 294 296 297 301 311 346 349 354 358 364 395 404 410 418 
73 141 163 184 385 
74 
75 109 178 204 222 230 256 295 317 364 
76 80 87 88 91 109 120 123 138 141 157 160 168 169 174 178 184 201 209 211 222 225 226 230 237 255 263 267 278 299 309 317 344 359 367 368 372 374 376 383 
77 88 110 123 141 190 211 225 235 263 278 295 363 383 397 406 
78 79 82 86 89 93 95 99 102 115 118 132 133 136 137 144 157 159 162 168 180 186 187 196 203 206 229 236 242 249 253 255 259 260 265 272 275 283 289 292 293 296 301 306 307 308 315 321 326 334 340 353 369 375 382 385 386 391 395 399 408 416 417 
79 82 86 89 91 93 98 99 112 118 133 136 139 152 159 161 162 168 171 174 185 186 187 229 236 242 253 255 260 265 270 274 275 279 281 283 288 294 299 301 308 310 315 321 326 334 345 346 347 349 354 367 369 379 382 386 387 395 403 404 410 414 417 418 
80 81 87 88 100 109 114 119 138 141 158 160 176 178 184 190 208 209 211 213 216 222 226 230 237 255 263 267 273 276 277 278 284 295 299 317 328 356 372 385 397 407 
81 109 121 141 194 222 226 295 317 363 376 414 
82 86 91 93 95 99 104 136 145 147 149 157 159 168 171 182 185 186 206 231 236 239 242 253 255 260 265 272 274 279 288 289 292 301 307 315 326 327 333 334 349 354 367 382 386 387 395 397 399 414 415 416 418 
83 
84 
85 141 150 184 211 230 
86 93 98 99 102 104 114 118 133 145 159 161 168 171 180 181 186 229 236 242 249 253 257 265 283 288 299 310 324 334 345 346 347 352 353 358 386 399 403 417 418 
87 
88 109 110 116 119 141 158 160 173 176 184 201 204 208 213 222 243 267 278 284 317 363 364 367 368 373 376 383 385 406 
89 93 95 115 118 133 144 186 187 196 203 206 229 231 236 242 253 255 275 288 289 293 327 395 399 416 417 
90 132 151 171 182 260 289 379 386 399 414 
91 98 288 310 410 414 
92 109 119 209 
93 98 99 104 112 132 137 139 152 155 157 159 162 168 171 180 181 188 229 236 242 253 255 260 262 265 274 279 283 287 288 293 301 320 326 327 333 339 345 346 349 354 369 382 386 391 395 399 414 416 418 
94 176 295 299 344 385 
95 99 104 115 133 137 146 157 159 171 180 184 186 187 196 229 231 236 242 255 257 262 265 272 274 281 288 289 292 306 308 326 327 334 338 345 349 352 358 364 368 382 390 391 395 399 413 414 416 417 
96 126 198 207 214 299 318 410 
97 159 236 
98 99 107 115 133 137 145 159 161 162 168 171 180 181 185 196 218 229 242 253 255 260 262 270 272 275 301 310 315 324 333 345 347 349 354 379 382 386 387 395 411 414 415 418 
99 105 122 129 136 139 145 146 147 149 152 155 157 159 168 171 180 181 186 187 196 203 206 228 229 230 233 236 239 249 253 262 265 272 275 283 285 288 292 299 301 305 311 326 333 345 346 347 353 354 358 369 375 382 386 387 399 403 414 415 416 417 418 
100 
101 
102 132 157 159 161 162 168 186 236 251 253 270 306 333 347 349 369 387 395 417 
103 
104 133 146 196 229 236 242 347 395 403 415 418 
105 157 186 229 236 327 352 414 
106 385 417 
107 118 122 133 137 171 181 229 236 242 249 253 272 288 289 309 327 333 352 386 414 417 
108 121 328 367 
109 110 114 117 119 124 134 148 173 176 184 194 195 201 208 209 211 212 213 222 227 230 235 236 273 276 278 284 298 300 328 333 344 356 366 368 376 379 385 
110 119 123 126 141 158 163 208 211 213 222 225 232 243 278 299 300 303 309 328 344 356 363 364 406 
111 
112 129 136 147 157 181 236 239 288 327 333 349 354 369 395 418 
113 
114 138 141 174 178 186 190 211 222 226 232 237 240 278 298 346 363 376 
115 133 151 152 168 196 229 236 255 274 289 294 375 379 399 416 417 
116 119 141 160 184 204 221 230 299 375 383 385 
117 119 139 160 184 191 195 199 201 211 229 230 273 277 278 309 366 367 389 
118 132 133 159 181 184 203 236 253 292 293 301 307 327 347 357 395 404 413 418 
119 141 160 184 189 197 199 211 222 227 230 237 240 255 256 278 317 367 373 376 397 406 
120 
121 170 226 234 291 295 361 400 
122 137 145 157 161 171 181 236 255 257 260 265 294 301 324 346 349 353 382 386 403 418 
123 163 222 223 298 305 395 
124 213 
125 141 163 
126 181 198 207 214 287 315 
127 
128 
129 185 236 255 
130 261 385 
131 
132 236 281 365 418 
133 159 206 229 236 340 414 417 
134 
135 243 291 410 
136 149 170 185 206 315 333 353 354 403 418 
137 157 171 206 229 236 242 255 260 272 288 327 333 352 353 386 403 414 418 
138 189 208 209 263 311 385 
139 149 159 181 188 203 206 236 262 281 292 306 308 326 339 345 347 386 415 418 
140 
141 162 163 171 176 206 249 292 355 375 406 
142 
143 146 159 161 236 265 287 292 321 386 403 414 
144 146 159 171 180 187 206 226 242 255 257 265 272 289 299 301 307 321 379 399 
145 157 162 180 229 236 255 257 262 265 283 292 326 347 353 387 395 415 417 418 
146 180 236 242 253 255 289 327 352 399 403 416 
147 236 253 283 292 326 333 386 395 415 
148 243 294 
149 283 382 418 
150 163 221 222 389 
151 159 229 255 265 279 301 345 352 354 417 418 
152 157 159 161 162 168 171 185 186 203 206 229 230 236 242 255 257 260 262 274 288 289 295 306 307 308 311 326 333 334 349 352 354 370 395 416 417 
153 
154 217 219 263 291 395 400 
155 180 236 240 262 326 327 349 371 417 
156 176 184 225 
157 159 161 168 180 229 230 255 285 292 293 307 326 333 352 382 395 403 413 
158 190 299 343 
159 181 186 206 255 262 275 321 327 347 386 395 413 414 417 418 
160 176 184 186 211 222 230 236 237 240 255 263 333 363 368 389 
161 162 181 185 186 236 260 265 272 281 294 301 306 308 315 334 345 346 352 354 356 379 387 414 416 
162 168 171 181 186 187 205 206 236 247 265 283 292 301 306 307 308 311 324 327 345 347 349 395 414 416 418 
163 176 278 363 385 395 397 
164 216 390 410 412 
165 
166 255 289 334 416 
167 171 272 289 353 367 
168 171 181 184 186 187 188 196 203 218 226 229 236 242 246 247 253 255 260 262 265 270 272 275 281 283 288 292 294 299 301 303 306 307 320 321 326 327 334 344 345 346 347 349 352 353 354 358 365 368 369 375 379 382 386 387 395 404 411 413 414 416 417 418 
169 
170 219 234 236 243 291 320 356 383 385 390 400 410 
171 180 185 188 196 206 228 229 236 248 255 257 265 272 283 285 289 292 299 301 306 320 324 326 327 347 349 375 386 403 414 415 417 
172 328 
173 184 208 222 237 
174 176 190 222 240 266 286 299 364 372 
175 
176 
177 
178 240 314 356 367 
179 
180 181 188 206 226 229 230 236 242 243 253 255 257 262 275 281 288 299 301 307 311 324 326 327 333 334 345 349 352 379 382 386 395 403 414 415 416 417 418 
181 205 263 287 294 299 358 364 382 387 395 412 414 417 418 
182 236 260 
183 216 350 361 
184 222 226 
185 206 218 287 289 301 315 395 405 
186 188 203 206 217 221 228 229 236 242 253 255 257 260 279 283 287 288 301 305 306 307 310 321 326 327 349 354 375 381 382 385 386 395 403 404 413 414 418 
187 196 203 229 236 242 253 257 260 262 272 287 288 289 292 293 294 301 308 315 320 321 327 333 345 346 347 352 353 354 369 375 379 386 387 391 395 399 408 414 416 418 
188 206 236 242 253 281 285 289 296 301 306 321 333 347 383 418 
189 
190 222 251 255 263 298 299 385 417 
191 211 230 232 237 240 243 278 335 383 
192 
193 
194 224 237 263 385 
195 211 222 227 230 237 249 278 295 309 317 363 367 373 385 389 406 
196 205 229 236 255 257 272 281 283 289 292 293 327 347 387 391 395 399 411 414 
197 
198 207 214 229 255 318 405 
199 372 406 
200 
201 208 243 276 284 368 
202 
203 226 234 236 253 255 263 272 287 294 296 301 326 345 346 358 386 387 395 404 414 418 
204 240 364 
205 228 236 242 253 260 265 287 299 301 307 327 331 352 358 386 395 404 405 410 414 416 417 418 
206 229 242 253 255 272 275 281 283 292 294 296 307 311 326 327 333 349 353 379 386 395 399 405 417 418 
207 214 311 318 
208 364 
209 211 226 240 243 251 278 291 299 372 374 
210 242 255 270 340 346 382 395 
211 278 
212 234 374 
213 222 255 300 317 356 364 
214 255 303 405 410 
215 
216 234 243 374 
217 
218 236 301 
219 234 390 412 
220 
221 293 335 
222 226 230 237 240 267 273 276 277 278 284 295 305 317 328 335 356 363 364 373 376 383 388 
223 352 
224 291 299 335 386 
225 227 309 335 
226 230 232 240 255 263 299 309 317 372 405 
227 237 240 253 263 277 278 298 373 385 389 
228 242 255 257 259 265 311 326 327 376 387 395 414 418 
229 236 255 274 299 326 357 375 395 399 403 417 
230 240 270 309 385 406 
231 
232 240 299 329 376 
233 403 
234 337 
235 328 
236 257 272 326 403 418 
237 278 317 325 367 385 
238 352 
239 249 253 289 324 326 345 353 358 395 399 403 415 
240 252 255 263 278 295 299 317 328 367 368 373 385 389 418 
241 
242 255 257 285 299 321 324 326 327 333 349 375 386 395 415 416 418 
243 
244 
245 
246 
247 
248 289 306 358 
249 265 272 292 324 327 346 352 354 358 386 395 414 417 418 
250 
251 
252 
253 387 404 414 418 
254 
255 263 265 272 293 307 321 349 352 395 415 
256 
257 272 275 279 281 288 289 294 308 321 327 334 349 352 354 382 386 387 414 416 417 
258 289 
259 
260 272 279 310 326 349 352 353 354 369 395 404 414 416 417 418 
261 385 
262 288 294 301 333 345 347 352 354 382 386 395 403 411 414 418 
263 274 295 373 
264 
265 272 283 289 292 294 296 299 301 308 311 321 326 327 349 354 382 386 387 395 411 414 416 417 418 
266 278 363 
267 276 311 327 356 368 372 389 
268 
269 
270 292 293 306 326 347 352 353 357 386 395 413 418 
271 
272 281 283 289 292 294 301 306 321 326 327 333 347 349 358 369 382 385 386 395 403 414 416 417 418 
273 311 363 376 
274 292 301 315 326 333 346 354 413 418 
275 281 283 288 289 296 306 320 324 333 345 346 347 349 352 353 379 386 395 399 403 414 415 417 418 
276 278 309 
277 278 284 299 317 325 327 356 366 367 368 372 373 376 383 385 389 407 418 
278 299 309 311 356 363 373 376 383 389 395 
279 283 296 301 303 308 311 323 326 327 333 334 347 349 352 353 354 368 382 386 395 414 417 418 
280 
281 288 292 296 308 333 345 353 354 379 386 387 395 418 
282 
283 288 289 296 301 304 320 324 326 327 347 349 352 353 354 368 373 376 379 382 386 395 399 414 415 416 417 418 
284 
285 
286 328 
287 301 311 346 347 395 404 405 
288 292 294 299 324 326 327 333 334 345 346 347 349 353 358 375 379 382 386 387 395 403 414 417 418 
289 301 306 308 321 326 333 345 347 349 352 354 379 386 387 395 399 412 416 417 418 
290 
291 299 305 337 374 398 400 412 
292 324 347 365 395 418 
293 301 326 382 391 395 417 
294 301 311 315 320 326 327 333 346 347 349 352 353 354 358 369 379 382 386 387 395 404 410 414 418 
295 299 328 356 363 364 373 389 406 
296 353 379 382 386 387 405 416 418 
297 
298 300 335 346 356 364 366 373 386 389 393 
299 325 328 343 363 364 373 385 386 389 395 
300 
301 307 308 315 326 349 354 369 382 386 395 414 416 418 
302 
303 328 
304 
305 327 337 361 374 400 
306 327 333 347 352 353 354 375 414 416 417 418 
307 311 324 326 333 334 347 349 367 369 382 386 395 403 416 418 
308 347 378 
309 
310 395 
311 395 416 
312 
313 
314 
315 354 369 395 405 410 417 418 
316 
317 363 373 376 385 389 
318 368 
319 374 390 
320 324 326 327 333 345 346 347 349 352 353 357 358 365 375 382 386 387 395 403 404 405 413 414 416 417 418 
321 327 349 358 367 386 395 403 418 
322 386 
323 333 417 
324 327 333 347 349 353 365 386 395 403 414 417 
325 373 
326 345 349 352 387 395 412 413 414 418 
327 352 395 414 418 
328 343 356 363 376 406 410 
329 372 
330 
331 
332 
333 334 345 352 379 386 395 406 414 415 416 417 418 
334 345 349 352 354 369 379 382 386 391 403 416 418 
335 363 366 368 385 389 
336 382 414 
337 361 374 
338 346 398 400 412 
339 
340 386 417 
341 
342 
343 363 417 
344 354 368 
345 414 417 418 
346 358 395 417 
347 349 354 387 395 413 414 415 
348 
349 354 367 382 386 412 414 417 418 
350 
351 
352 403 417 
353 386 403 414 417 
354 369 379 382 386 395 413 414 417 418 
355 
356 
357 
358 387 395 404 405 414 
359 
360 418 
361 363 374 400 
362 
363 385 
364 367 
365 387 
366 372 376 389 406 
367 385 393 397 
368 383 385 
369 382 
370 
371 386 418 
372 
373 386 414 
374 390 398 400 412 
375 382 386 395 413 414 415 416 417 418 
376 378 
377 
378 385 
379 403 418 
380 412 
381 
382 386 387 395 414 415 417 418 
383 385 389 
384 
385 
386 395 418 
387 395 403 413 414 416 417 418 
388 
389 406 410 
390 400 
391 395 416 
392 
393 
394 
395 
396 
397 
398 
399 416 
400 412 
401 
402 
403 417 418 
404 416 418 
405 
406 414 
407 
408 416 
409 
410 
411 414 
412 
413 418 
414 415 417 418 
415 416 417 418 
416 
417 
418 
[0, 1, 1, 1, 0, 4, 0, 0, 0, 1, 1, 0, 0, 2, 0, 1, 0, 0, 1, 1, 1, 0, 0, 1, 1, 1, 0, 2, 0, 2, 2, 0, 0, 1, 1, 0, 0, 0, 1, 4, 0, 1, 4, 1, 0, 0, 1, 0, 0, 1, 1, 1, 0, 0, 1, 1, 0, 0, 1, 2, 1, 1, 0, 1, 4, 2, 1, 0, 0, 0, 0, 0, 1, 0, 1, 0, 0, 0, 1, 1, 0, 0, 1, 0, 1, 0, 1, 0, 0, 1, 1, 1, 0, 1, 0, 1, 3, 1, 1, 1, 0, 1, 1, 2, 1, 1, 4, 1, 2, 0, 0, 0, 1, 0, 0, 1, 0, 0, 1, 0, 0, 2, 1, 0, 0, 0, 3, 1, 4, 1, 0, 0, 1, 1, 0, 2, 1, 1, 0, 1, 0, 0, 1, 1, 1, 1, 1, 1, 0, 1, 0, 1, 1, 1, 2, 1, 0, 1, 0, 1, 0, 1, 1, 0, 2, 2, 1, 1, 1, 0, 2, 1, 0, 0, 0, 0, 0, 2, 0, 2, 1, 1, 1, 2, 0, 1, 1, 1, 1, 0, 0, 0, 0, 0, 0, 0, 1, 0, 3, 0, 1, 0, 0, 1, 0, 1, 1, 4, 0, 0, 1, 0, 2, 0, 3, 0, 2, 2, 1, 2, 0, 0, 0, 0, 0, 0, 0, 0, 1, 1, 0, 1, 0, 1, 2, 0, 1, 0, 1, 1, 0, 0, 1, 2, 0, 0, 1, 1, 1, 1, 0, 1, 0, 1, 1, 1, 0, 1, 1, 2, 1, 0, 1, 0, 1, 1, 0, 0, 0, 0, 1, 0, 1, 0, 1, 1, 0, 0, 0, 1, 1, 1, 1, 1, 0, 1, 0, 1, 1, 1, 0, 2, 1, 1, 1, 0, 1, 0, 0, 0, 0, 1, 2, 0, 1, 2, 1, 1, 1, 0, 1, 1, 0, 1, 0, 1, 0, 0, 3, 2, 1, 1, 1, 1, 1, 0, 1, 1, 0, 0, 0, 1, 0, 1, 1, 0, 1, 2, 2, 1, 1, 2, 0, 0, 0, 1, 1, 1, 2, 1, 2, 2, 1, 1, 1, 0, 0, 1, 1, 0, 1, 2, 2, 0, 0, 1, 0, 0, 0, 1, 1, 1, 0, 0, 2, 1, 0, 0, 0, 1, 2, 4, 1, 0, 4, 0, 1, 1, 0, 0, 2, 1, 0, 0, 4, 1, 1, 0, 2, 1, 2, 0, 2, 1, 1, 1, 0, 0, 1, 0, 4, 1, 2, 1, 1, 1, 1, 1, 1]