0 17 56 76 119 174 222 277 328 335 367 376 383 
1 2 19 43 49 54 82 99 265 308 375 387 399 415 
2 9 23 33 38 43 49 50 51 60 61 78 79 93 95 98 99 109 118 132 137 151 152 159 160 162 168 174 180 186 187 205 214 242 255 262 265 270 272 275 277 279 281 283 288 289 294 299 303 307 311 315 320 326 333 334 345 354 358 375 379 382 386 391 399 415 418 
3 50 51 98 99 122 168 272 274 279 294 354 369 387 404 
4 45 109 222 240 295 298 321 328 
5 384 
6 76 373 
7 8 22 38 51 76 77 93 95 152 173 180 206 226 242 263 281 298 299 328 
8 69 76 80 95 109 110 114 117 119 174 178 195 213 222 227 230 232 237 263 266 267 275 277 279 295 328 334 356 373 404 414 
9 33 38 43 50 51 61 137 152 162 168 180 186 196 265 274 279 283 308 320 323 326 354 375 415 416 
10 89 95 115 168 171 187 229 283 289 346 399 
11 80 81 109 110 114 189 195 222 227 277 298 299 317 335 349 364 373 
12 277 368 
13 27 65 69 116 164 230 289 291 305 
14 36 56 76 80 88 109 110 114 160 163 222 267 273 277 298 328 335 367 389 
15 78 115 408 
16 47 60 109 119 189 195 214 376 389 392 414 
17 80 114 174 199 222 277 
18 
19 38 60 61 78 89 93 95 98 99 115 144 166 168 170 186 187 196 229 231 262 289 294 366 371 386 391 399 414 
20 95 146 161 320 
21 109 226 278 
22 366 368 
23 38 49 61 72 79 95 107 136 137 146 149 168 187 221 255 265 272 288 294 301 306 307 315 320 347 382 387 404 414 
24 
25 78 
26 
27 219 252 267 305 337 374 
28 109 
29 
30 212 305 319 
31 47 92 389 
32 
33 38 43 49 50 51 54 55 61 66 72 78 79 82 86 89 93 95 98 99 102 105 107 109 112 122 129 137 139 145 147 152 157 159 161 162 168 171 180 186 187 188 201 203 206 214 229 236 239 242 255 257 260 262 265 272 274 275 277 278 279 281 283 288 289 292 294 306 311 320 321 324 326 327 333 334 347 349 354 369 375 379 382 386 387 391 397 414 415 418 
34 38 49 50 51 61 72 78 79 82 89 93 95 98 122 133 143 144 145 151 159 161 162 168 170 171 180 181 186 187 190 205 206 229 239 240 242 249 255 257 262 272 275 279 285 288 289 294 296 321 324 333 334 346 349 354 358 369 386 387 391 399 403 410 411 414 416 417 418 
35 75 80 277 
36 85 119 221 277 366 
37 295 
38 49 50 51 61 78 82 93 99 102 122 139 146 159 162 168 180 186 187 203 240 242 249 262 265 272 288 294 296 301 307 315 328 333 334 349 354 369 374 375 382 386 387 414 415 418 
39 384 
40 109 
41 97 171 281 293 296 
42 
43 50 78 79 86 93 112 118 133 152 168 180 186 203 205 236 273 275 281 288 289 301 306 307 311 315 320 375 386 387 418 
44 76 80 110 160 222 232 240 277 
45 83 109 141 148 222 277 298 328 335 367 
46 206 281 354 386 
47 110 237 298 
48 222 232 
49 50 51 58 66 78 79 82 93 99 136 145 152 168 187 188 203 206 247 249 260 277 279 283 296 307 310 315 354 369 375 387 404 
50 51 61 72 93 98 99 118 127 143 146 149 155 162 168 180 181 186 236 283 288 294 301 346 375 382 399 404 414 418 
51 61 72 78 79 82 99 102 115 122 137 168 180 187 203 205 260 272 275 279 283 287 294 296 301 306 307 315 320 334 354 371 375 387 414 
52 
53 67 70 117 152 190 207 273 311 378 
54 65 72 78 79 81 82 93 99 126 136 152 162 168 171 180 185 187 203 205 206 239 249 262 272 279 283 289 294 299 301 307 315 320 333 349 354 368 382 387 414 418 
55 82 95 99 112 139 145 151 168 206 281 288 333 354 403 418 
56 76 81 116 223 298 335 406 
57 
58 61 66 78 79 82 93 95 99 115 117 152 159 161 168 171 180 181 186 187 203 206 242 257 260 262 265 270 272 274 275 279 281 283 288 289 296 306 309 320 324 326 333 334 349 354 360 375 386 418 
59 183 
60 72 180 288 293 
61 76 149 168 187 253 257 265 272 294 347 382 
62 76 109 257 299 364 404 
63 72 78 99 109 112 118 135 136 143 144 146 152 159 162 167 168 171 186 187 203 210 222 228 236 239 242 249 265 272 275 279 283 287 288 289 294 296 307 315 320 321 323 326 333 346 349 354 365 373 375 386 387 400 404 415 416 
64 
65 154 183 222 234 298 305 361 366 373 374 400 410 
66 79 82 86 89 91 93 95 97 98 99 102 104 112 144 145 147 152 155 159 168 170 180 181 186 187 196 201 205 206 236 242 249 260 262 265 272 275 279 281 283 288 292 294 301 306 307 320 321 327 333 334 358 369 371 375 387 414 416 
67 189 193 277 376 
68 400 
69 76 88 109 114 119 123 146 150 160 178 195 199 209 222 226 232 240 273 277 278 298 328 335 367 373 389 397 414 
70 76 160 189 230 277 
71 
72 78 95 99 102 122 136 187 203 249 283 287 289 352 
73 
74 
75 88 109 170 195 227 295 309 321 328 373 
76 77 80 91 109 110 178 180 222 226 267 277 278 283 289 298 320 344 349 376 383 400 
77 88 141 328 400 
78 79 82 86 89 93 95 99 102 115 133 136 144 146 161 168 186 187 196 228 257 265 272 275 283 289 293 294 301 307 320 321 334 387 391 399 408 
79 82 89 99 122 152 159 161 180 186 187 205 206 253 265 275 279 287 288 294 301 315 321 334 354 375 387 404 414 418 
80 85 88 109 114 141 160 190 213 222 226 237 263 267 273 275 277 295 298 299 317 356 378 
81 88 222 277 278 295 299 328 
82 86 93 95 99 132 144 149 151 152 157 161 162 168 171 180 187 188 206 228 260 262 265 272 274 275 279 281 283 288 289 292 293 294 296 306 307 320 321 334 349 354 369 379 387 399 
83 
84 
85 88 119 277 295 367 368 414 
86 89 93 95 98 99 102 105 107 109 112 132 137 143 145 149 152 159 161 162 167 168 171 180 185 186 187 190 196 203 205 206 210 211 239 249 253 257 262 265 272 275 279 281 283 288 289 294 296 301 306 307 308 310 320 321 324 326 333 334 345 346 347 349 354 358 370 375 382 386 387 391 399 403 408 414 415 416 418 
87 138 240 263 267 273 277 299 314 317 389 
88 110 119 160 222 266 277 295 389 397 
89 95 97 104 115 144 146 159 161 166 170 187 190 196 260 272 275 289 293 298 320 333 358 387 399 416 
90 151 
91 95 98 122 146 152 167 178 180 270 275 283 294 306 320 375 387 395 399 400 414 
92 157 167 180 239 321 
93 95 98 99 107 112 136 137 146 152 168 171 180 187 188 205 229 242 262 274 275 277 279 288 294 307 320 333 334 346 347 354 358 375 382 386 387 415 
94 
95 104 115 144 146 152 166 168 186 187 196 229 231 255 277 281 289 293 294 327 369 375 382 399 411 
96 198 207 214 318 
97 115 
98 99 102 107 109 112 137 143 145 157 159 162 168 170 181 185 187 196 203 205 206 218 239 242 275 281 288 294 320 324 326 327 333 334 346 347 349 371 373 375 382 387 399 403 414 415 
99 104 105 112 122 132 139 144 145 146 147 159 161 168 171 180 181 185 186 187 196 206 213 222 236 239 242 249 257 262 270 272 275 279 281 288 289 292 293 294 296 301 306 307 308 320 321 324 326 333 334 346 347 352 354 357 358 375 379 386 387 399 403 414 415 416 417 
100 110 114 277 335 
101 287 404 
102 104 168 249 270 333 334 369 387 
103 234 291 338 400 
104 115 118 144 147 152 157 168 180 185 187 196 205 206 229 249 270 275 281 283 285 288 289 293 306 320 349 358 375 386 387 395 
105 133 161 170 186 190 196 272 283 305 320 326 352 354 387 418 
106 
107 137 145 167 168 228 239 272 320 324 333 387 415 
108 
109 110 114 119 123 150 152 159 160 163 173 174 178 189 194 195 198 204 212 213 222 224 227 232 252 273 276 277 278 289 295 298 300 314 317 328 335 356 364 366 367 373 376 385 392 
110 114 163 173 190 213 222 227 232 266 277 278 298 356 368 373 
111 119 277 
112 129 159 162 168 181 239 272 283 288 294 306 320 333 354 369 386 399 414 
113 
114 119 126 179 186 190 195 199 208 213 222 273 277 283 298 317 335 406 
115 151 166 168 180 196 228 262 274 275 296 320 333 334 399 414 
116 117 217 
117 277 366 
118 139 152 162 168 181 186 190 205 206 270 272 275 289 301 306 307 323 327 333 334 347 354 357 358 375 386 387 404 
119 157 160 211 232 277 278 321 329 335 366 368 373 406 
120 
121 170 291 305 361 371 400 
122 145 168 187 387 
123 222 226 240 263 273 277 278 298 
124 213 298 
125 
126 198 207 214 273 299 318 373 
127 283 
128 
129 162 180 205 287 301 
130 261 
131 
132 162 262 283 320 334 365 369 391 
133 136 137 145 146 151 152 161 166 170 171 187 196 205 206 214 229 231 239 242 249 257 262 265 270 275 279 283 288 289 292 307 320 323 326 327 333 334 353 354 358 371 375 379 387 399 400 403 408 411 414 417 418 
134 190 195 204 222 232 278 299 366 373 
135 154 305 338 361 374 400 
136 161 162 168 180 187 262 275 288 294 307 308 320 321 346 354 368 379 382 387 404 
137 152 171 229 231 272 283 288 320 333 354 399 403 414 
138 184 226 277 283 299 311 368 373 
139 147 162 168 187 188 236 257 262 270 326 333 346 354 386 387 414 
140 
141 160 163 174 186 191 195 208 209 223 226 230 235 237 240 277 278 284 291 295 298 307 328 335 366 367 373 378 389 392 397 406 
142 
143 
144 187 265 272 292 354 369 375 414 
145 147 152 180 187 196 218 229 260 262 272 275 277 279 283 294 296 307 320 324 327 354 365 379 387 414 418 
146 180 196 203 272 275 281 358 375 387 391 414 
147 171 180 236 283 333 345 
148 294 328 366 367 368 
149 260 382 415 
150 156 243 277 298 328 373 
151 161 186 187 196 229 260 272 275 279 289 307 354 369 386 
152 159 161 162 167 168 180 186 242 289 294 307 311 321 334 352 354 370 375 416 
153 
154 217 288 400 
155 168 180 205 283 307 320 326 333 371 414 
156 222 227 389 
157 159 160 168 171 180 186 187 188 196 206 224 226 229 236 239 242 253 255 257 260 262 270 272 277 279 281 283 288 289 293 294 320 323 326 333 334 347 352 354 358 364 375 379 382 386 387 395 399 404 414 415 
158 221 222 223 277 278 328 367 
159 161 162 168 180 181 186 187 196 218 236 249 257 260 262 270 272 273 275 281 283 288 289 294 296 306 307 308 310 320 321 324 327 333 334 345 347 354 358 375 382 387 389 399 414 416 
160 191 222 232 237 267 273 277 278 298 303 333 335 367 373 397 
161 162 168 180 186 187 236 275 279 281 289 294 301 334 347 349 354 387 
162 168 171 180 185 187 188 203 205 206 236 262 265 275 279 281 283 287 288 289 292 294 301 307 315 320 324 333 334 345 347 354 357 369 379 381 382 386 387 399 415 418 
163 172 189 209 213 222 224 270 342 366 368 373 392 
164 400 
165 183 377 
166 196 289 
167 222 239 283 289 307 354 365 
168 171 181 187 196 203 218 228 242 262 265 272 279 281 283 288 294 296 307 320 324 334 344 346 349 354 365 368 369 375 386 387 415 418 
169 226 277 
170 195 212 219 222 227 234 291 305 319 337 338 361 380 387 390 405 
171 180 186 187 196 238 239 257 262 265 272 275 279 283 288 289 293 294 298 306 320 321 324 333 334 353 354 375 386 387 399 404 411 414 415 
172 373 
173 208 237 298 368 389 
174 178 213 222 226 258 277 278 298 299 328 366 376 
175 189 299 
176 184 189 192 199 225 226 232 261 273 276 277 278 284 295 298 309 333 343 344 356 366 367 368 376 385 395 399 406 411 
177 
178 213 277 314 
179 305 400 
180 181 186 187 196 206 226 228 229 236 242 257 262 265 272 275 279 288 289 294 296 307 320 321 326 333 334 340 345 354 375 387 395 399 414 415 417 418 
181 198 203 205 206 242 272 274 288 294 301 306 307 318 324 333 334 346 347 349 354 379 382 387 415 416 418 
182 236 260 274 294 334 
183 
184 189 197 222 226 232 237 242 255 273 277 278 293 295 305 326 334 335 344 366 367 373 376 406 
185 187 206 255 260 265 272 274 279 283 287 289 293 301 307 308 315 333 334 354 369 395 399 408 418 
186 187 188 238 257 272 275 283 288 289 305 306 307 320 321 334 340 346 349 353 354 368 375 382 386 387 399 404 414 
187 196 228 239 283 287 289 308 320 354 375 387 391 399 
188 206 283 293 294 296 326 333 345 354 375 
189 317 328 
190 222 295 299 317 335 373 
191 240 335 368 
192 222 276 385 
193 207 
194 222 277 
195 276 277 299 317 373 
196 229 236 255 262 288 289 320 387 399 
197 
198 207 214 255 318 
199 298 
200 418 
201 267 329 338 368 
202 
203 205 249 272 283 294 306 320 321 354 358 379 386 387 399 403 418 
204 209 222 230 240 328 
205 307 347 418 
206 218 224 229 237 239 240 265 275 279 281 283 289 293 296 301 311 315 334 354 375 379 382 386 399 416 418 
207 214 273 311 410 
208 222 226 273 277 283 299 321 334 366 368 
209 226 240 265 277 299 307 309 
210 
211 222 227 230 232 276 277 283 295 298 303 317 335 366 373 376 383 397 406 
212 243 
213 222 226 237 273 328 344 364 383 389 
214 303 318 361 
215 
216 291 337 374 400 
217 283 294 305 
218 239 262 292 354 403 
219 222 305 362 366 374 412 
220 
221 277 
222 226 230 237 266 273 277 278 295 298 299 300 303 328 335 356 366 368 373 383 389 397 
223 
224 277 294 335 366 367 373 
225 273 309 328 376 406 
226 242 263 267 273 277 293 299 349 368 400 405 
227 240 295 335 
228 236 272 289 299 320 354 386 
229 236 240 257 260 265 274 275 283 288 289 294 320 326 334 352 353 354 375 386 387 395 399 403 414 417 
230 240 252 253 257 273 274 277 278 295 298 299 309 328 366 373 383 400 406 
231 283 293 391 
232 277 299 
233 267 381 
234 291 305 337 351 361 374 392 402 
235 328 
236 239 242 253 255 257 260 262 265 270 272 275 279 281 283 288 289 292 293 294 296 301 306 307 308 310 315 320 321 323 324 326 327 333 334 344 347 354 358 369 375 379 382 386 387 391 395 403 404 408 414 415 416 417 418 
237 240 255 273 277 278 283 299 309 325 359 366 368 373 406 
238 270 279 296 347 399 
239 320 324 354 365 379 408 
240 257 263 267 273 275 277 283 298 299 317 321 328 335 368 383 399 418 
241 
242 255 257 260 272 275 277 279 281 283 289 294 299 305 307 320 321 324 326 333 334 354 373 375 379 382 386 387 391 399 404 413 416 418 
243 277 291 293 311 321 368 400 
244 328 
245 
246 334 
247 283 289 293 320 
248 289 306 369 386 415 
249 260 293 305 307 324 334 347 352 386 387 
250 
251 272 288 291 307 404 410 
252 270 299 
253 257 258 262 272 279 281 283 289 292 293 294 296 306 307 308 320 321 324 326 333 334 354 358 375 386 387 399 403 404 414 416 
254 
255 265 270 272 275 279 283 289 293 294 303 307 320 321 326 334 340 349 352 354 365 382 386 387 391 399 414 417 418 
256 263 295 299 328 373 
257 275 281 283 288 294 320 321 326 375 387 414 418 
258 
259 361 374 380 
260 262 274 275 279 283 289 306 320 334 354 369 375 414 415 417 
261 385 
262 279 296 320 333 415 
263 277 299 320 335 367 368 373 400 414 
264 
265 272 279 283 289 294 311 321 324 334 349 376 382 386 387 415 
266 278 328 
267 326 389 
268 
269 
270 320 326 347 352 387 
271 
272 273 275 281 283 288 292 294 306 311 315 320 321 326 333 354 375 379 386 416 
273 277 278 305 317 377 378 
274 289 301 315 323 326 328 334 354 414 
275 281 283 320 324 333 346 379 386 387 
276 277 
277 299 376 399 
278 298 299 303 317 325 328 356 364 367 368 373 
279 283 301 306 321 334 349 414 
280 
281 283 288 289 293 296 320 324 347 354 375 379 387 415 
282 387 
283 289 294 301 320 324 369 379 386 387 
284 368 
285 296 324 387 415 
286 
287 311 320 324 333 357 387 404 408 410 
288 333 382 387 414 415 418 
289 293 296 320 321 324 333 354 386 391 399 408 
290 
291 294 305 319 337 338 361 374 400 412 
292 294 301 306 307 321 324 326 333 339 347 354 358 369 375 382 386 411 415 
293 
294 320 334 354 358 369 387 418 
295 298 299 328 335 373 
296 320 357 375 386 387 
297 
298 328 335 368 373 389 
299 311 324 326 328 334 335 343 368 373 410 414 
300 
301 307 315 334 347 354 369 375 387 414 416 418 
302 
303 334 368 
304 
305 338 374 375 400 
306 307 320 323 326 333 375 
307 320 334 415 
308 320 334 354 399 414 
309 335 364 412 
310 320 334 346 358 416 
311 320 400 410 414 
312 
313 415 
314 
315 334 354 369 
316 
317 328 344 373 389 
318 349 399 
319 
320 324 326 375 382 
321 333 345 349 354 382 386 
322 
323 
324 326 346 354 358 387 403 414 
325 
326 327 333 334 375 379 382 386 387 391 395 399 414 
327 333 349 352 354 375 379 387 414 415 418 
328 410 
329 373 
330 
331 347 
332 
333 345 354 369 371 375 382 384 386 387 414 415 418 
334 335 354 369 375 399 415 
335 373 389 406 
336 367 
337 361 374 
338 400 
339 405 
340 
341 361 
342 
343 
344 368 
345 354 375 379 386 415 
346 354 375 399 403 418 
347 354 358 369 375 386 387 414 415 
348 
349 352 354 371 375 379 382 404 414 418 
350 374 380 400 
351 
352 354 364 387 399 411 414 
353 358 414 415 
354 358 375 399 416 
355 
356 366 373 
357 365 
358 375 387 404 
359 
360 
361 374 400 
362 
363 366 367 385 389 391 395 
364 373 389 
365 387 
366 
367 373 374 
368 383 414 
369 387 403 404 
370 
371 417 418 
372 376 
373 378 397 
374 400 402 
375 386 415 
376 377 378 
377 
378 
379 414 415 416 
380 
381 
382 386 387 404 414 415 418 
383 
384 
385 397 400 406 
386 387 408 418 
387 411 417 
388 
389 
390 400 
391 
392 
393 
394 
395 404 414 415 418 
396 
397 
398 
399 
400 
401 
402 
403 417 418 
404 
405 
406 414 
407 
408 
409 
410 
411 
412 
413 
414 415 417 418 
415 
416 
417 
418 
[0, 1, 1, 1, 0, 4, 0, 0, 0, 1, 1, 0, 0, 2, 0, 1, 0, 0, 1, 1, 1, 0, 0, 1, 1, 1, 0, 2, 0, 2, 2, 0, 0, 1, 1, 0, 0, 0, 1, 4, 0, 1, 4, 1, 0, 0, 1, 0, 0, 1, 1, 1, 0, 0, 1, 1, 0, 0, 1, 2, 1, 1, 0, 1, 4, 2, 1, 0, 0, 0, 0, 0, 1, 0, 1, 0, 0, 0, 1, 1, 0, 0, 1, 0, 1, 0, 1, 0, 0, 1, 1, 1, 0, 1, 0, 1, 3, 1, 1, 1, 0, 1, 1, 2, 1, 1, 4, 1, 2, 0, 0, 0, 1, 0, 0, 1, 0, 0, 1, 0, 0, 2, 1, 0, 0, 0, 3, 1, 4, 1, 0, 0, 1, 1, 0, 2, 1, 1, 0, 1, 0, 0, 1, 1, 1, 1, 1, 1, 0, 1, 0, 1, 1, 1, 2, 1, 0, 1, 0, 1, 0, 1, 1, 0, 2, 2, 1, 1, 1, 0, 2, 1, 0, 0, 0, 0, 0, 2, 0, 2, 1, 1, 1, 2, 0, 1, 1, 1, 1, 0, 0, 0, 0, 0, 0, 0, 1, 0, 3, 0, 1, 0, 0, 1, 0, 1, 1, 4, 0, 0, 1, 0, 2, 0, 3, 0, 2, 2, 1, 2, 0, 0, 0, 0, 0, 0, 0, 0, 1, 1, 0, 1, 0, 1, 2, 0, 1, 0, 1, 1, 0, 0, 1, 2, 0, 0, 1, 1, 1, 1, 0, 1, 0, 1, 1, 1, 0, 1, 1, 2, 1, 0, 1, 0, 1, 1, 0, 0, 0, 0, 1, 0, 1, 0, 1, 1, 0, 0, 0, 1, 1, 1, 1, 1, 0, 1, 0, 1, 1, 1, 0, 2, 1, 1, 1, 0, 1, 0, 0, 0, 0, 1, 2, 0, 1, 2, 1, 1, 1, 0, 1, 1, 0, 1, 0, 1, 0, 0, 3, 2, 1, 1, 1, 1, 1, 0, 1, 1, 0, 0, 0, 1, 0, 1, 1, 0, 1, 2, 2, 1, 1, 2, 0, 0, 0, 1, 1, 1, 2, 1, 2, 2, 1, 1, 1, 0, 0, 1, 1, 0, 1, 2, 2, 0, 0, 1, 0, 0, 0, 1, 1, 1, 0, 0, 2, 1, 0, 0, 0, 1, 2, 4, 1, 0, 4, 0, 1, 1, 0, 0, 2, 1, 0, 0, 4, 1, 1, 0, 2, 1, 2, 0, 2, 1, 1, 1, 0, 0, 1, 0, 4, 1, 2, 1, 1, 1, 1, 1, 1]