0 8 11 16 26 44 47 67 71 73 76 80 81 87 94 109 110 114 119 121 123 124 160 169 172 174 176 184 186 189 193 197 213 222 224 225 227 230 237 240 256 261 278 287 290 299 309 325 328 342 344 363 367 368 373 376 383 385 395 406 
1 2 9 10 19 20 33 34 43 58 63 66 82 86 90 93 98 99 105 115 133 145 147 152 159 161 162 165 166 171 182 186 187 193 206 229 236 242 253 257 265 270 273 275 281 283 288 292 293 304 306 308 311 321 324 326 327 333 346 358 365 375 382 386 387 395 403 415 417 
2 3 9 10 19 20 23 24 25 33 34 38 41 43 46 49 50 51 54 55 58 60 61 63 66 72 74 78 79 82 84 86 91 93 95 97 98 99 101 102 104 105 112 115 118 122 127 129 132 133 136 137 139 144 145 146 151 152 153 157 159 161 162 168 171 180 181 185 186 188 196 203 205 206 210 214 218 228 229 231 236 238 242 246 247 249 251 253 255 257 259 260 262 264 265 270 272 275 279 281 282 283 287 288 289 292 294 296 301 303 306 307 308 310 311 320 321 322 326 327 331 333 334 340 345 346 347 349 352 353 354 357 358 365 369 371 375 379 382 386 387 391 395 399 403 404 411 413 414 415 416 417 418 
3 16 33 72 82 86 98 99 104 112 133 145 157 159 168 174 181 188 218 229 236 242 274 279 299 310 327 363 369 395 404 405 
4 8 11 16 17 34 35 44 45 62 69 76 77 80 81 94 100 109 114 119 123 124 125 131 148 150 156 160 163 170 175 176 178 184 189 190 197 204 209 211 213 220 222 225 227 267 270 295 298 309 314 316 317 342 356 363 385 395 406 
5 19 39 181 287 319 384 394 405 
6 7 8 11 14 16 17 21 26 28 31 32 35 37 44 45 47 52 53 56 57 62 69 71 73 75 76 77 80 81 85 87 88 92 100 109 110 111 114 116 117 119 120 123 124 125 134 138 141 148 150 156 158 159 160 163 169 172 173 174 178 180 184 189 190 191 194 195 197 201 202 204 208 209 211 213 215 219 220 221 222 224 226 227 230 232 235 237 240 242 244 245 252 255 256 259 263 266 267 268 273 277 278 284 286 290 295 297 298 299 309 312 314 316 317 325 328 329 330 332 333 335 341 342 343 344 356 359 363 364 366 367 368 373 376 378 383 385 388 389 392 395 397 406 409 414 417 
7 8 47 56 60 62 69 76 80 88 109 114 141 159 160 184 209 226 227 240 242 255 278 299 335 359 385 395 418 
8 16 33 60 63 69 75 77 78 80 82 85 86 109 110 119 123 134 138 140 141 150 160 174 176 178 191 195 206 208 211 213 222 225 230 232 237 240 255 256 257 263 266 267 277 278 279 295 303 335 350 364 368 372 373 376 386 389 395 406 414 
9 13 33 38 43 49 50 51 54 58 61 66 79 82 93 98 99 112 114 127 133 136 145 152 159 162 168 171 180 186 196 206 210 236 242 249 253 257 262 265 270 274 275 279 283 288 292 306 308 310 311 320 323 326 333 345 370 379 382 386 395 399 404 414 415 416 
10 11 13 14 15 16 19 20 23 24 25 28 33 34 41 43 46 49 50 51 54 55 58 60 61 63 66 72 74 78 79 82 86 87 89 91 93 95 97 98 99 101 102 104 105 112 115 118 122 126 129 133 137 139 144 145 146 151 152 153 155 157 159 161 162 163 168 171 176 180 181 186 187 188 196 198 203 205 206 210 213 214 218 219 221 222 228 229 230 231 234 236 238 242 246 249 253 255 257 258 259 260 262 265 270 272 274 275 279 281 282 283 285 287 288 289 292 294 296 301 302 306 318 320 321 324 326 327 331 333 340 344 345 346 347 349 352 353 354 363 369 371 375 379 380 382 385 386 387 388 390 391 395 399 403 404 408 410 411 413 414 415 416 417 418 
11 35 47 69 81 86 92 109 110 114 119 123 125 141 150 159 163 174 176 184 190 192 195 208 211 213 221 222 226 236 237 244 256 295 297 298 299 309 317 359 363 364 367 373 385 389 392 397 
12 14 16 21 26 28 32 35 37 44 45 47 52 56 57 62 69 71 73 75 76 80 81 85 87 88 92 100 109 110 111 114 116 119 123 125 134 150 156 158 160 163 172 173 174 176 178 184 189 190 191 195 197 201 202 204 208 209 211 213 221 222 224 226 227 230 232 235 237 240 244 245 252 256 263 266 267 273 277 278 284 290 295 298 299 309 312 316 317 325 328 329 330 342 343 344 356 359 363 364 366 367 368 373 376 378 383 385 389 392 397 406 409 
13 27 29 30 34 59 65 76 103 108 121 135 154 164 165 177 179 212 216 217 255 302 305 319 321 338 350 351 361 362 374 380 385 394 398 400 412 
14 31 40 44 47 68 71 75 77 88 92 109 110 114 117 119 124 134 138 163 172 184 189 202 211 213 222 223 230 237 240 245 267 273 284 295 309 328 335 364 389 
15 19 20 23 33 34 38 41 43 46 49 50 51 54 55 58 60 61 63 66 72 78 79 82 84 86 87 89 91 93 95 97 98 99 101 102 103 104 105 112 115 118 122 127 129 133 136 137 139 143 144 145 146 149 151 152 155 157 159 162 166 167 168 170 171 179 180 181 186 187 188 196 198 203 205 206 210 214 216 217 218 228 229 231 233 234 236 238 242 246 247 249 253 254 255 257 258 259 260 262 264 265 270 272 274 275 279 281 282 283 285 287 288 289 291 292 293 294 296 299 301 304 306 307 308 310 311 313 320 321 322 326 327 330 331 333 340 345 346 347 349 352 353 354 357 363 365 369 371 375 379 382 385 386 387 389 390 391 395 396 399 403 404 405 408 411 414 415 416 417 418 
16 21 26 28 43 52 63 66 71 76 80 81 86 87 88 93 98 109 110 114 123 125 133 134 137 138 141 145 150 158 160 163 170 172 176 184 189 190 195 209 213 220 222 225 226 227 234 236 240 255 259 267 278 297 298 309 312 316 317 330 332 340 342 343 344 349 353 361 363 364 367 373 376 385 389 392 395 397 403 417 
17 21 40 44 45 47 53 56 62 67 69 71 73 75 76 80 81 85 87 88 92 109 110 111 113 114 116 119 123 124 130 131 134 138 140 141 150 160 173 174 178 184 190 191 194 195 197 201 202 204 208 211 213 221 222 225 227 230 232 235 237 244 250 252 255 256 261 263 266 270 277 278 286 295 297 298 303 309 312 314 317 328 329 332 335 343 356 359 364 366 367 368 372 373 376 378 383 385 389 392 397 406 409 
18 
19 24 34 35 57 60 66 78 82 86 89 93 95 97 98 99 115 126 133 136 144 146 151 153 159 170 171 176 181 184 186 187 196 206 208 229 231 236 242 249 255 257 262 275 289 293 294 333 340 345 352 353 365 368 384 386 387 394 395 396 399 403 416 417 418 
20 23 24 29 34 58 60 63 91 97 98 104 111 159 161 163 168 170 181 196 219 226 228 234 236 238 242 246 253 255 259 275 282 288 311 312 320 327 333 341 346 353 357 363 367 371 376 381 382 395 404 413 414 417 418 
21 26 28 32 35 47 52 56 69 71 73 76 80 81 85 86 87 88 100 104 109 110 111 114 116 119 123 124 133 138 150 156 159 160 163 172 174 184 189 190 202 209 211 213 219 220 222 224 226 227 230 234 237 238 240 242 245 255 256 263 266 267 273 277 278 284 297 298 299 309 312 316 317 325 329 330 332 342 343 356 359 363 364 367 373 376 383 385 392 406 417 
22 26 27 28 31 32 35 36 37 40 44 45 47 48 52 53 54 56 57 62 67 68 69 70 71 73 75 76 77 80 81 85 87 88 92 94 100 109 110 111 113 114 116 117 119 120 123 124 125 131 134 138 140 141 148 150 156 160 163 168 169 172 173 174 175 176 178 184 189 190 191 193 194 195 197 198 199 201 202 204 208 209 211 213 215 221 222 224 225 226 227 230 232 234 235 237 240 241 244 245 250 252 256 261 263 266 267 268 269 273 276 277 278 282 284 285 286 290 295 296 297 298 299 300 303 305 309 312 314 316 317 325 328 329 330 332 335 342 343 344 355 356 359 361 363 364 366 367 368 372 373 376 377 378 383 385 388 389 392 393 397 401 406 409 
23 24 25 33 34 38 46 50 51 54 58 61 63 66 72 78 79 86 91 98 99 101 102 104 105 115 118 127 129 133 136 137 139 145 146 149 151 159 162 168 171 180 181 185 186 187 196 203 205 221 228 229 236 238 242 246 249 253 257 262 265 270 272 275 279 281 283 288 289 294 296 301 306 307 311 321 322 327 346 349 352 353 354 358 375 379 382 386 387 391 395 399 403 404 410 411 413 414 416 417 418 
24 395 418 
25 63 98 210 236 255 
26 
27 29 30 59 65 103 108 118 121 135 141 154 164 165 170 171 201 212 216 217 219 234 243 250 252 259 267 291 302 305 319 337 338 341 348 350 361 374 380 390 398 400 402 412 
28 44 69 76 109 123 141 150 176 189 190 195 222 226 230 255 289 297 312 317 329 332 344 376 378 
29 
30 34 42 43 53 58 59 65 66 76 86 91 92 98 99 103 104 108 110 121 135 141 151 152 154 159 163 164 165 170 177 179 180 183 184 186 207 212 216 217 219 234 242 243 259 265 272 273 291 299 302 305 306 308 311 319 329 337 338 341 348 349 350 356 361 362 363 367 374 376 378 380 385 390 395 398 400 402 410 412 417 
31 35 37 45 47 52 53 57 62 67 69 71 73 76 77 81 85 87 88 92 100 109 111 114 116 117 119 120 123 124 125 134 138 140 141 148 150 156 160 163 169 172 174 175 176 178 184 189 191 194 197 199 202 208 209 211 215 220 221 222 223 225 230 232 234 235 237 238 240 245 256 266 267 268 273 284 286 290 298 303 309 314 317 325 328 329 330 332 335 342 355 356 359 363 364 367 368 372 373 378 385 386 389 392 397 406 409 
32 52 83 141 184 297 
33 34 37 38 41 43 46 49 50 51 54 55 58 60 61 63 66 69 70 72 74 78 79 81 82 86 89 90 91 93 95 97 98 99 101 102 104 105 107 112 115 118 122 127 129 132 133 136 137 139 141 144 145 146 147 149 151 152 153 155 157 159 160 161 162 163 165 166 168 170 171 176 180 181 184 185 186 187 188 190 195 196 203 205 206 210 213 214 218 222 226 228 229 231 234 236 238 239 240 242 246 249 251 253 254 255 257 258 259 260 262 264 265 267 270 272 274 275 279 281 282 283 285 287 288 289 290 292 294 296 298 301 306 307 308 310 311 315 317 320 321 322 324 326 327 330 331 333 334 336 339 340 343 345 346 347 349 352 353 354 357 360 363 368 369 370 373 375 379 382 385 386 387 390 395 397 399 403 404 405 406 413 414 415 416 417 418 
34 37 41 43 46 49 50 51 58 61 66 69 70 71 72 76 78 79 82 89 91 92 93 101 112 114 115 121 122 123 132 133 134 136 137 140 144 145 146 147 149 150 151 152 153 155 157 158 160 162 164 167 168 171 176 180 181 185 187 188 190 192 195 203 204 205 206 209 210 211 213 217 219 222 226 228 229 230 233 237 238 239 240 242 244 246 249 251 259 260 262 264 265 267 270 272 274 278 279 281 282 283 287 289 291 294 296 298 299 306 308 309 310 311 312 314 315 320 321 322 326 329 333 340 344 347 349 350 352 354 356 358 363 365 367 368 373 375 376 378 382 383 385 387 389 397 399 402 405 410 411 414 416 418 
35 47 56 69 73 81 87 88 100 111 114 116 119 125 141 160 163 176 184 189 201 202 222 224 240 245 256 267 273 278 284 297 298 309 312 317 325 329 332 342 343 356 363 373 385 392 406 
36 100 119 141 160 211 221 278 
37 110 184 213 230 295 356 
38 49 50 51 54 55 61 63 66 72 74 78 89 93 99 101 109 112 115 137 146 151 152 155 157 159 162 166 168 171 180 181 184 186 187 188 206 210 217 218 219 229 236 238 240 242 249 258 262 263 265 270 279 288 294 296 301 306 307 315 321 324 328 333 334 336 345 346 349 350 354 357 369 374 375 382 386 387 395 399 403 404 411 414 415 416 417 418 
39 384 
40 45 47 52 56 69 71 73 75 76 77 80 81 83 85 86 87 88 93 98 100 105 109 110 111 114 116 119 120 123 124 125 134 138 141 150 156 157 158 159 160 163 172 173 174 178 184 189 190 191 194 195 197 201 202 204 208 209 211 213 215 219 221 222 223 224 226 227 230 232 234 237 240 244 245 252 256 257 266 267 268 270 273 277 278 284 295 297 298 299 303 309 312 314 316 317 325 326 328 329 330 335 342 343 344 350 356 359 363 364 366 367 368 372 373 376 383 385 388 389 390 392 395 397 406 415 
41 97 98 99 122 133 136 180 196 229 236 249 257 265 289 296 346 386 391 395 403 413 416 417 
42 
43 51 54 61 63 66 79 86 91 93 98 99 104 105 112 118 122 127 133 137 145 155 157 159 171 180 181 206 210 229 236 238 242 246 253 255 260 262 265 270 279 281 282 287 288 289 306 307 308 310 311 315 320 327 331 333 349 352 372 376 379 382 385 386 387 395 403 410 413 414 416 417 418 
44 45 53 56 69 76 80 81 85 100 109 116 119 123 124 125 134 138 150 156 160 172 173 174 176 178 184 189 195 197 202 204 213 220 221 222 224 227 230 232 237 240 244 256 267 277 278 286 297 298 299 303 307 312 314 316 317 322 325 328 329 332 335 342 343 344 356 359 363 364 367 368 373 374 378 383 385 392 395 406 
45 56 69 73 83 109 110 111 125 134 138 148 173 176 184 195 197 206 221 222 225 227 232 237 256 267 273 286 298 299 303 309 314 317 325 329 335 363 364 367 368 373 395 406 409 410 
46 86 91 98 99 159 206 236 257 275 281 296 353 379 386 414 417 
47 69 75 76 80 85 86 87 89 91 99 100 109 110 113 114 118 134 138 141 158 159 160 163 176 190 197 222 226 230 236 240 251 252 263 278 290 293 295 298 299 321 325 326 337 343 345 363 367 385 386 417 
48 190 349 366 385 406 409 
49 51 54 58 61 63 66 72 78 82 86 90 91 93 98 99 101 104 105 112 115 132 133 136 139 141 143 145 146 147 149 150 151 152 155 158 159 161 162 166 168 180 181 185 186 205 228 229 236 238 242 247 249 253 255 257 259 260 265 270 275 279 281 282 287 288 289 294 296 301 305 306 307 308 311 315 321 322 327 337 341 344 345 346 347 349 352 353 354 357 365 367 375 379 382 386 387 390 392 395 403 404 413 414 416 417 418 
50 51 54 55 58 60 61 63 66 69 72 74 78 79 82 86 91 93 98 99 102 104 105 112 115 122 127 129 133 136 137 139 145 146 151 152 153 157 159 161 162 168 171 176 180 181 182 185 186 196 203 205 206 210 228 229 236 238 242 246 253 254 255 257 260 262 264 265 270 272 275 279 281 282 283 287 288 289 294 296 301 306 308 310 311 320 321 322 324 326 327 331 333 340 345 346 347 349 352 353 354 358 367 369 375 379 382 385 386 387 395 399 403 404 405 410 413 414 415 416 417 418 
51 54 58 60 61 63 66 72 74 78 79 82 86 91 93 97 98 99 101 102 104 105 112 115 118 122 127 129 133 136 137 139 145 146 151 152 153 157 159 161 162 168 171 180 181 185 186 187 188 196 203 205 206 210 218 228 236 238 242 246 249 253 255 257 260 262 265 270 272 275 279 281 282 283 287 289 292 294 296 301 306 307 308 315 320 322 326 327 333 334 340 345 346 352 353 354 357 365 369 371 375 379 382 386 387 395 399 403 404 413 414 416 417 418 
52 73 85 88 100 123 141 150 184 297 298 317 325 344 364 409 
53 56 67 71 81 109 111 114 123 124 138 150 160 174 176 184 189 190 194 204 207 208 211 219 224 227 234 256 263 267 268 273 278 286 299 309 317 325 328 356 363 368 372 373 377 378 385 406 
54 55 58 60 61 63 65 66 70 72 74 78 79 81 82 86 89 90 91 93 95 96 97 98 99 101 102 104 105 112 114 115 118 122 126 127 129 132 133 136 137 139 141 142 144 145 146 147 151 152 155 157 159 161 162 163 167 168 171 176 180 181 182 185 186 187 188 192 196 201 203 205 206 210 216 218 228 229 233 234 236 238 239 242 243 246 247 248 249 251 253 254 255 257 258 260 262 264 265 267 272 274 275 279 281 282 283 287 288 289 291 292 294 296 299 301 306 307 308 309 310 311 315 320 321 322 324 326 327 331 333 334 339 344 345 346 347 349 352 353 354 357 358 361 363 365 368 369 379 381 382 385 386 387 395 399 403 404 405 410 411 413 414 415 416 417 418 
55 66 157 159 203 236 262 352 414 417 418 
56 76 81 109 116 119 123 141 148 160 184 189 191 225 227 237 240 241 295 297 299 325 328 335 367 372 389 
57 77 88 109 117 119 141 148 160 163 176 186 190 202 230 256 297 298 309 363 366 385 389 
58 60 61 63 66 72 74 78 79 82 84 86 89 90 91 93 95 97 98 99 101 102 104 105 107 112 115 117 118 122 127 129 132 133 136 137 139 141 143 144 145 146 147 149 151 152 153 155 157 159 160 161 162 166 167 168 171 172 178 180 181 182 185 186 187 188 196 202 203 205 206 210 216 218 219 222 228 229 231 234 236 237 238 239 242 246 247 249 251 253 254 255 257 258 260 262 264 265 267 270 272 274 275 279 281 282 283 285 287 288 289 292 293 294 296 301 304 305 306 307 308 309 310 311 315 319 320 321 322 324 326 327 331 333 334 336 339 340 345 346 347 349 352 353 354 357 358 360 365 369 370 371 375 379 382 384 385 386 387 391 395 396 399 403 404 405 410 411 413 414 415 416 417 418 
59 65 135 154 170 217 234 259 305 319 337 341 350 361 374 402 
60 61 63 78 81 82 84 86 89 91 93 97 98 99 101 104 105 115 127 133 137 139 146 151 152 157 159 170 171 176 181 186 190 210 222 226 228 229 236 238 242 246 247 253 255 257 262 264 265 270 282 287 288 289 291 299 306 320 321 326 333 337 340 346 349 353 354 357 363 371 373 375 382 385 386 395 398 399 404 405 410 413 414 416 417 
61 63 66 79 82 86 90 93 98 99 104 118 133 139 145 149 151 157 159 168 171 184 186 196 206 210 228 229 236 238 242 246 249 253 255 257 260 265 275 279 285 288 294 308 315 321 326 333 334 340 345 347 349 369 379 382 386 387 395 404 414 417 418 
62 
63 66 68 72 73 74 78 79 82 84 86 89 90 91 93 95 97 98 99 101 102 104 105 112 115 118 121 122 124 127 129 133 135 136 137 139 144 145 146 147 149 151 152 153 155 157 159 161 162 163 166 167 168 170 171 180 181 184 185 186 187 188 196 203 205 206 210 213 217 218 220 228 229 231 234 236 238 239 240 242 247 249 251 253 255 257 258 260 262 264 265 267 270 272 274 275 278 279 280 281 282 283 285 287 288 289 292 293 294 296 297 299 301 306 307 308 310 311 315 320 321 322 324 326 327 328 331 333 339 340 341 345 346 347 349 350 352 353 354 357 363 364 367 369 370 371 375 379 380 382 386 387 395 396 399 400 402 403 404 405 410 411 413 414 415 416 417 418 
64 
65 103 108 121 135 141 154 164 165 170 177 179 183 212 216 217 219 234 243 259 287 291 302 305 319 337 338 341 348 350 361 362 374 380 390 398 400 402 412 
66 78 82 86 93 98 99 104 105 112 118 133 155 157 159 168 171 180 181 196 229 236 242 251 253 257 262 272 288 292 294 306 326 333 345 346 347 349 352 353 358 382 387 395 403 411 414 417 418 
67 69 77 80 87 88 109 111 116 119 141 160 163 169 170 172 176 184 189 193 197 204 207 211 213 219 220 222 224 230 240 259 267 273 276 277 278 284 286 298 303 308 312 316 317 325 328 364 367 372 373 376 377 383 385 389 393 406 407 417 
68 69 114 121 141 176 178 213 221 222 240 251 273 400 
69 70 71 72 73 75 76 77 80 81 84 85 87 88 92 94 100 103 104 109 110 111 113 114 116 117 119 120 123 124 125 131 134 135 138 140 141 146 148 150 156 158 159 160 161 163 169 170 171 172 173 174 175 176 178 184 189 190 191 194 195 197 199 201 202 204 208 209 211 213 215 219 220 221 222 223 224 225 226 227 228 230 232 235 236 237 240 241 242 244 245 250 252 256 261 263 264 266 267 269 270 271 273 276 277 278 279 284 286 290 295 297 298 299 300 303 305 309 312 314 316 317 325 328 329 330 332 335 342 343 344 345 349 352 355 356 359 362 363 364 366 367 368 372 373 374 376 377 378 380 383 385 386 388 389 392 393 395 397 401 403 406 407 410 417 
70 80 87 114 138 160 170 176 199 209 226 240 267 284 
71 72 75 76 77 80 81 87 109 114 116 117 119 123 124 131 134 141 150 158 160 163 172 174 175 176 189 195 204 208 211 213 219 222 223 224 227 230 234 237 240 249 252 256 263 267 273 278 286 290 297 298 309 312 316 317 325 330 332 337 342 343 344 356 359 363 364 367 372 373 385 389 392 393 397 406 
72 78 81 82 85 86 89 91 93 98 99 101 104 114 115 122 133 136 139 144 146 151 155 157 159 161 162 168 180 181 186 187 188 196 203 205 206 218 228 230 236 240 242 249 253 255 257 262 265 272 274 275 279 282 283 286 287 294 297 301 306 308 317 320 321 322 333 345 346 349 354 357 358 367 368 371 375 381 386 395 399 403 404 405 410 416 417 
73 176 184 
74 99 115 122 132 145 157 180 206 218 236 238 242 249 257 260 270 275 281 283 307 327 353 354 365 369 386 387 395 417 
75 76 77 80 81 85 87 88 93 98 100 109 110 111 113 114 116 117 119 121 125 134 138 141 150 156 160 163 169 170 172 174 175 176 178 189 190 194 195 204 208 209 211 213 220 222 224 225 227 230 234 237 238 244 245 256 263 268 273 278 286 290 295 297 298 299 309 314 317 321 325 328 329 330 332 342 343 356 359 363 364 367 368 373 378 383 385 386 389 392 406 
76 77 80 81 84 85 87 88 91 93 100 109 110 111 113 114 116 119 121 123 124 125 131 134 138 141 150 156 158 159 160 163 169 172 174 175 178 184 189 190 191 192 194 195 197 199 201 202 204 208 209 211 213 220 221 222 224 225 226 227 230 232 237 240 244 245 250 252 255 256 263 266 267 268 270 273 276 277 278 284 291 297 298 300 309 310 312 314 316 317 320 325 328 329 330 331 332 335 342 343 344 356 359 363 364 366 367 368 372 373 376 378 383 385 388 389 392 397 406 
77 80 81 82 88 108 109 110 114 134 136 141 150 161 168 176 184 188 199 202 204 208 211 212 219 221 224 228 230 237 249 263 270 274 276 278 284 292 305 315 324 328 331 335 346 355 364 366 372 386 
78 79 82 86 89 91 93 95 97 98 99 101 102 104 105 112 115 118 122 126 127 129 132 133 136 137 139 144 145 146 147 151 152 153 157 159 161 162 168 170 171 180 181 186 187 188 196 203 205 206 210 218 222 228 229 231 236 238 240 242 246 247 249 251 253 254 255 257 258 259 260 262 265 270 272 274 275 276 279 281 282 283 285 287 288 289 292 293 294 296 299 301 306 307 308 311 313 315 320 321 322 324 326 327 331 333 334 338 340 345 346 347 349 352 353 354 357 363 369 371 375 379 382 385 386 387 390 391 395 399 400 403 404 408 412 413 414 416 417 418 
79 82 86 89 91 93 98 99 101 104 105 109 112 115 122 133 136 139 145 151 152 157 159 161 162 168 170 171 176 180 185 186 187 196 205 218 229 236 238 242 253 254 255 257 260 262 265 270 272 274 275 278 279 283 287 288 289 294 296 299 301 306 308 310 315 320 321 322 326 333 334 346 347 349 352 353 354 358 367 368 369 370 379 382 386 387 395 399 403 404 411 413 414 416 417 418 
80 81 85 87 88 100 109 111 114 116 119 120 124 125 129 134 138 141 150 156 158 160 163 172 174 175 176 179 184 189 190 197 199 208 209 211 213 216 219 220 221 222 223 224 226 227 230 237 240 245 262 263 267 270 273 277 278 297 299 300 309 312 314 316 317 321 325 328 329 330 332 342 343 344 356 359 363 364 372 373 378 385 389 392 397 407 
81 83 85 86 87 88 92 99 104 109 110 111 113 114 116 117 119 121 124 125 138 141 150 156 159 160 163 172 174 175 176 178 184 189 194 195 197 202 204 208 209 211 213 219 221 222 224 226 227 230 232 234 236 237 240 242 245 252 256 258 267 273 277 278 284 289 295 297 298 299 309 311 312 316 317 328 329 330 332 335 342 343 344 345 347 356 359 363 364 367 373 385 386 389 392 393 406 414 
82 83 84 85 86 87 89 90 91 93 95 96 98 99 101 104 105 109 110 111 112 114 115 116 118 119 121 122 125 127 128 132 133 136 137 139 141 143 144 145 146 147 149 150 151 152 153 155 156 157 159 160 161 162 163 166 167 168 170 171 176 180 181 182 184 185 186 187 188 189 195 196 203 205 206 210 211 213 217 219 222 224 225 227 228 229 230 231 234 236 237 238 239 240 242 243 245 246 247 249 251 253 254 255 257 258 259 260 262 264 265 267 270 272 273 274 275 278 279 281 282 283 284 285 287 288 289 291 292 293 294 296 297 298 301 305 306 307 308 310 311 312 315 316 317 320 321 322 323 324 325 326 327 329 330 331 333 334 337 340 342 343 344 345 346 347 349 352 353 354 356 357 363 364 368 369 371 373 374 375 376 379 382 385 386 387 390 395 397 399 402 403 404 405 406 410 411 413 414 415 416 417 418 
83 110 148 309 385 415 
84 
85 86 87 88 100 109 119 141 150 160 163 184 195 202 209 211 223 226 227 230 240 284 305 309 312 344 363 364 368 383 385 389 392 406 
86 89 91 93 95 97 98 99 101 102 104 105 112 114 115 118 122 129 133 136 137 139 145 147 151 152 157 159 161 171 180 181 182 186 187 188 190 196 219 227 228 229 236 238 242 249 253 255 257 259 260 265 272 275 279 282 283 288 294 298 301 306 308 310 321 324 326 327 334 340 345 346 347 352 353 357 358 364 375 379 386 387 395 399 403 404 413 414 415 417 418 
87 
88 92 100 105 109 110 111 114 116 117 119 123 124 125 134 141 148 150 156 158 160 163 172 173 174 176 178 184 189 190 195 201 202 204 209 211 212 213 221 222 223 224 226 227 230 237 240 245 252 256 266 267 273 274 276 277 278 284 297 298 299 309 312 316 317 325 328 329 342 343 344 356 363 364 366 367 368 372 373 376 383 385 389 392 397 406 
89 90 91 93 95 97 98 99 101 102 104 105 107 115 118 127 129 133 136 137 139 142 144 145 146 147 151 159 161 166 168 170 171 180 181 182 186 187 188 196 198 205 206 210 228 229 231 236 238 242 246 253 255 257 258 260 262 265 272 275 279 283 287 288 289 293 294 296 307 313 315 318 320 321 322 324 326 327 333 340 346 347 349 352 353 354 358 369 375 386 391 395 396 399 403 404 413 414 415 416 417 418 
90 91 93 95 98 99 101 102 104 105 107 112 115 122 127 132 133 136 137 139 144 145 147 149 151 152 155 157 159 161 162 166 167 168 171 180 181 182 185 186 187 188 194 195 196 200 203 206 218 228 229 233 236 238 239 242 246 248 249 253 254 255 257 260 262 264 265 272 274 275 279 281 282 283 285 288 289 292 293 294 301 304 306 307 308 310 315 321 322 324 326 327 333 334 336 339 345 346 347 349 352 353 354 358 365 369 370 375 379 382 385 386 387 395 399 403 404 408 410 411 413 414 415 416 417 418 
91 93 95 97 98 99 101 104 105 107 112 114 115 118 120 122 127 129 133 136 137 138 139 144 145 146 147 151 153 155 157 159 160 161 162 168 171 178 180 181 182 186 187 188 196 203 205 206 210 219 222 226 228 229 234 236 238 242 246 247 249 253 255 257 262 264 265 270 272 275 279 281 282 283 285 287 288 289 292 294 296 299 301 306 307 308 310 311 316 320 321 322 324 326 327 333 337 340 345 346 347 349 352 353 354 357 358 363 369 371 375 379 382 386 387 395 399 403 404 405 410 413 414 415 416 417 418 
92 100 109 114 119 124 125 140 172 176 184 189 197 204 208 209 286 367 385 
93 98 99 104 105 112 115 122 123 127 132 133 134 136 137 139 141 143 144 145 146 147 149 151 152 155 157 159 160 161 162 167 168 170 171 175 180 181 185 186 187 188 196 203 205 206 213 214 219 222 227 228 229 230 233 234 236 238 239 240 242 246 249 251 253 255 257 259 260 262 263 265 267 270 272 274 275 279 283 285 287 288 289 293 294 299 301 303 307 308 309 310 315 324 326 327 333 334 335 337 339 340 345 346 347 349 352 353 354 358 361 363 364 367 369 371 373 386 387 390 391 395 399 403 404 405 411 414 415 416 417 418 
94 109 124 131 135 136 138 141 148 159 160 176 184 213 219 230 241 263 278 295 298 299 328 350 356 363 364 373 378 385 400 417 
95 97 99 104 105 115 133 137 144 145 146 157 159 180 187 196 229 231 236 242 255 257 262 265 289 326 334 340 352 395 399 413 415 416 417 
96 126 176 184 196 198 202 207 208 214 220 236 299 318 368 397 410 
97 98 115 159 168 171 181 196 229 236 242 255 327 346 396 403 417 418 
98 99 101 104 105 107 115 118 127 133 136 139 145 146 151 159 161 162 168 171 180 181 185 186 196 218 228 229 236 238 242 253 254 255 257 262 264 270 275 279 280 281 282 287 288 296 301 306 320 321 324 326 327 333 337 340 345 346 347 349 352 353 354 357 369 371 375 379 382 386 387 395 399 403 404 413 414 415 416 417 418 
99 101 102 104 105 109 112 115 118 122 127 129 132 133 136 137 139 144 145 146 147 149 151 152 153 155 157 159 161 162 166 168 171 180 181 185 186 187 188 196 201 203 205 206 210 213 214 218 219 220 222 228 229 231 233 236 238 239 242 243 247 249 251 253 254 255 257 260 262 264 265 267 270 272 275 279 281 282 283 284 285 287 288 289 292 293 294 296 301 306 307 308 310 311 315 320 321 322 324 326 327 331 333 345 346 347 349 352 353 354 357 358 365 369 371 375 379 382 386 387 395 399 403 404 405 406 411 413 414 415 416 417 418 
100 114 125 140 155 157 159 176 184 197 368 373 395 397 
101 104 236 253 306 320 395 404 417 
102 107 132 136 147 157 159 161 168 180 182 186 196 205 218 236 239 249 251 253 270 283 301 307 321 324 333 334 347 353 354 369 395 399 413 415 417 
103 121 170 212 234 305 337 341 350 380 385 410 
104 105 112 114 115 118 122 132 133 136 137 139 144 145 147 151 152 157 159 163 168 171 180 181 184 186 188 196 203 210 229 234 236 238 242 246 249 253 255 257 259 262 264 270 272 275 280 283 287 288 289 292 294 296 306 307 308 320 321 326 327 331 346 347 349 352 353 358 363 375 379 385 386 387 395 399 403 404 413 414 416 417 418 
105 109 112 115 118 122 127 133 136 137 139 144 145 146 151 153 157 159 160 161 162 168 170 171 176 180 181 186 187 190 196 205 206 219 222 223 226 228 229 234 236 238 240 242 246 249 253 254 257 259 260 265 270 272 275 279 280 281 283 286 287 288 289 294 296 301 306 308 309 311 320 321 322 324 326 327 331 332 333 340 345 346 347 349 352 353 354 356 363 369 375 379 382 385 386 387 395 399 403 404 410 413 414 415 416 417 418 
106 128 236 258 368 385 417 
107 114 118 122 133 137 145 159 162 167 168 171 181 186 196 203 205 210 228 229 236 238 239 242 246 253 272 288 292 308 324 327 333 345 346 347 352 357 358 361 379 386 387 395 399 403 411 414 415 417 
108 121 135 170 183 216 217 234 259 291 305 319 337 350 361 367 374 400 
109 110 111 114 116 117 119 120 121 122 123 124 125 126 130 131 134 135 136 138 139 140 141 144 148 149 150 154 155 156 157 159 160 163 165 168 169 170 172 173 174 176 178 181 183 184 185 187 188 189 190 191 192 193 194 195 197 198 199 201 202 204 208 209 211 212 213 216 218 219 220 221 222 224 225 226 227 229 230 232 234 235 236 237 238 240 241 242 243 244 245 250 252 253 254 255 256 259 260 261 262 263 266 267 270 273 275 276 277 278 281 284 286 288 289 290 295 297 298 299 300 303 305 308 309 310 312 314 316 317 322 325 328 329 330 332 333 335 337 342 343 344 345 347 350 355 356 357 359 361 362 363 364 365 366 367 368 372 373 376 378 379 383 385 386 388 389 392 393 395 397 398 400 401 404 405 406 409 412 414 417 418 
110 111 113 114 116 117 119 123 124 125 126 130 131 133 134 138 141 146 148 150 156 159 160 163 169 172 173 174 175 176 178 184 189 190 191 194 195 197 199 201 202 204 208 209 211 213 221 222 224 225 226 227 230 232 235 237 240 244 245 252 255 256 257 261 263 266 267 268 273 276 277 278 284 286 290 292 295 297 298 299 303 309 312 314 316 317 325 328 329 330 332 335 342 343 344 347 350 356 359 361 363 364 366 367 368 369 372 373 376 378 383 385 388 389 392 393 395 397 399 406 409 
111 114 116 119 123 125 134 138 141 150 160 163 172 178 184 189 190 195 202 211 213 222 224 226 230 245 256 259 267 278 297 298 309 312 316 317 325 329 330 343 356 359 363 373 376 383 385 389 406 417 
112 129 133 136 147 159 181 185 203 236 239 253 255 288 292 308 310 333 347 353 369 395 415 417 
113 114 116 117 123 124 125 138 150 156 160 163 172 173 174 176 178 184 189 190 191 195 197 201 202 209 211 213 220 221 222 227 232 240 245 256 267 273 277 278 284 290 297 298 299 309 312 316 325 328 329 330 332 342 343 356 359 363 364 367 368 373 383 388 397 402 406 409 417 
114 134 141 159 163 174 179 190 195 208 211 222 226 237 238 240 278 284 298 310 352 363 376 393 
115 116 119 120 122 126 127 129 133 134 136 137 139 144 145 146 147 151 153 155 157 159 161 162 163 166 168 170 171 180 181 184 185 186 187 188 190 195 196 198 200 202 203 205 206 207 209 210 216 219 222 228 229 233 236 238 239 242 246 247 249 253 254 255 257 259 260 262 264 265 270 272 274 275 279 281 282 283 285 287 289 293 294 296 302 305 306 307 308 310 311 320 321 322 324 326 327 329 330 331 333 334 335 337 338 340 345 346 347 349 352 353 354 357 361 367 368 369 370 371 373 375 376 379 382 385 386 387 390 391 394 395 397 399 403 404 405 408 411 412 413 414 415 416 417 418 
116 119 141 156 160 163 172 176 189 191 220 221 224 227 256 273 278 298 299 305 309 330 332 344 359 363 375 392 406 
117 119 123 124 125 131 134 136 138 139 141 148 150 156 160 163 172 173 174 176 178 184 186 189 191 194 195 197 199 201 202 204 208 209 211 213 215 219 220 221 222 223 224 227 229 230 232 234 235 237 240 242 244 245 250 252 256 259 263 266 268 273 277 278 284 286 290 295 297 298 299 300 303 309 312 314 316 317 320 322 325 328 329 330 332 335 342 343 344 345 353 356 359 363 364 366 367 368 372 373 376 378 381 383 385 388 389 397 400 406 409 418 
118 132 133 137 157 159 168 180 184 190 192 203 218 221 236 270 275 287 293 301 306 307 310 327 331 333 347 353 357 387 395 398 411 413 417 418 
119 121 123 124 125 141 150 156 160 163 172 174 178 184 189 190 195 197 201 209 211 213 221 222 224 226 227 237 240 245 256 257 267 273 277 278 284 297 298 309 312 316 317 329 330 341 342 343 344 356 359 363 364 367 373 376 385 392 397 406 
120 
121 141 170 176 184 190 219 234 236 291 295 298 305 325 361 373 385 402 
122 127 129 133 136 137 139 145 146 151 152 157 159 161 162 167 168 171 180 181 186 187 188 196 205 206 210 228 229 236 238 249 253 254 255 257 260 262 264 265 270 272 275 279 283 287 289 294 296 301 306 307 320 321 324 326 327 333 345 346 349 352 353 354 357 368 369 375 382 386 387 395 399 403 404 413 414 416 417 418 
123 124 125 134 138 141 150 156 159 163 169 175 176 184 189 195 208 209 213 220 221 222 224 225 227 230 234 237 240 255 256 259 266 267 273 277 278 284 297 298 299 314 316 317 325 329 330 332 343 344 359 361 363 364 367 372 376 381 383 385 389 392 395 406 409 417 
124 125 134 138 141 150 156 160 163 172 174 176 184 189 190 191 195 201 202 204 208 209 211 213 220 221 222 224 226 227 230 232 237 238 240 244 245 256 263 266 267 270 277 278 284 286 295 297 298 299 300 301 303 309 312 316 317 325 328 329 330 332 342 343 344 346 356 359 363 364 366 367 368 373 376 378 383 389 392 397 406 418 
125 141 163 297 
126 176 198 207 214 255 
127 129 133 136 137 139 144 145 146 151 159 161 162 168 171 180 181 186 196 203 206 218 228 229 236 242 246 249 253 255 257 262 265 270 272 273 275 281 282 287 288 289 294 296 306 308 311 320 321 327 333 345 346 347 349 352 353 376 379 382 385 386 395 396 403 404 405 410 413 414 416 417 
128 176 184 
129 159 181 186 236 238 287 288 296 301 311 333 357 386 416 417 418 
130 176 192 261 385 
131 176 204 242 297 372 385 
132 133 136 139 145 146 147 151 152 159 161 162 166 168 180 185 186 204 205 206 218 236 240 249 253 260 270 272 275 279 281 283 288 292 294 296 301 306 307 315 320 322 327 333 334 345 346 347 357 364 365 369 375 382 386 387 391 395 399 415 416 418 
133 136 137 139 141 144 146 152 157 159 186 196 229 231 236 238 239 254 255 257 265 282 289 292 320 321 326 349 354 375 386 390 399 413 414 416 417 418 
134 138 158 159 173 174 175 176 178 184 189 195 197 201 204 208 211 222 224 227 232 237 245 250 256 268 277 278 286 290 297 298 299 314 316 317 325 328 332 335 342 343 356 364 366 368 373 376 385 389 393 406 409 
135 141 148 154 164 170 190 212 216 219 234 236 242 243 259 291 299 305 319 337 338 341 350 361 362 374 380 385 390 398 400 410 412 
136 170 185 206 236 275 301 308 310 315 333 344 347 353 354 367 395 403 404 410 417 418 
137 145 151 152 157 159 161 171 176 184 186 192 196 205 206 229 234 236 242 255 257 260 272 274 275 279 283 288 292 294 296 306 315 326 327 333 340 349 350 352 353 354 375 379 385 386 387 390 395 403 414 417 418 
138 163 173 176 184 189 190 199 219 221 222 226 240 295 298 300 309 311 325 372 378 385 417 
139 141 145 147 149 151 155 159 162 166 180 182 185 186 188 206 216 232 236 249 255 257 262 270 272 275 276 279 281 283 289 292 294 296 301 306 308 315 321 322 324 333 339 345 346 347 349 357 364 371 379 386 387 395 399 403 413 414 415 417 
140 175 176 184 232 276 
141 152 169 175 176 189 195 199 208 209 211 218 225 230 240 241 258 263 267 277 298 328 364 366 372 387 392 404 414 416 
142 228 236 404 417 
143 146 159 228 236 321 346 353 358 386 403 417 
144 145 146 151 157 159 171 180 187 196 214 229 236 238 242 249 255 257 258 265 272 275 289 299 301 308 321 333 345 352 381 391 395 399 411 414 416 417 
145 146 147 149 151 152 155 157 159 161 162 163 166 167 168 171 176 180 181 182 184 185 186 187 188 196 203 205 206 210 211 218 225 228 229 231 234 236 238 239 242 246 247 249 251 253 255 257 258 260 262 264 265 270 272 274 275 279 281 282 283 287 288 289 292 293 294 296 306 307 308 310 311 320 321 322 324 326 327 331 333 334 336 339 340 345 346 347 349 352 353 354 357 358 363 365 369 371 375 379 382 386 387 395 399 403 404 405 410 411 413 414 415 416 417 418 
146 157 159 162 180 186 187 196 197 229 236 238 242 255 257 260 265 272 275 289 311 327 340 346 352 353 379 386 391 395 398 399 403 408 414 416 417 
147 157 159 162 168 171 180 186 229 236 238 242 253 255 257 262 272 283 288 289 292 294 306 324 326 333 345 353 354 365 379 382 386 387 395 403 404 414 415 417 
148 163 176 197 278 299 309 363 366 368 372 385 397 
149 150 152 153 159 162 171 180 181 186 188 205 206 210 229 236 238 242 246 247 249 253 255 257 260 262 275 278 279 283 287 288 289 292 294 296 301 306 307 315 321 322 323 333 345 347 349 352 353 354 357 368 369 370 379 382 386 403 404 414 415 418 
150 156 160 163 172 173 174 176 178 184 189 190 191 194 195 197 201 202 204 208 211 213 220 221 222 224 225 226 227 230 232 237 240 242 244 245 256 266 267 273 276 277 278 279 284 286 295 297 298 301 305 309 312 314 316 317 325 328 329 330 332 335 342 343 344 356 359 363 364 367 368 373 376 383 385 388 389 392 395 406 409 417 418 
151 152 153 154 155 157 159 160 161 162 163 167 168 170 171 173 174 180 181 184 185 186 187 188 190 191 195 196 198 201 202 203 204 205 206 209 211 213 216 218 222 228 229 231 234 236 237 238 239 240 242 243 246 249 251 253 254 255 257 258 260 262 263 265 267 270 272 274 275 278 279 281 282 283 285 286 287 288 289 291 292 293 294 295 296 298 301 303 306 307 308 309 310 311 315 316 317 318 320 321 322 324 326 327 333 334 335 337 340 341 345 346 347 349 350 352 353 354 356 357 358 363 364 365 367 368 369 371 373 375 376 378 379 382 383 385 386 387 389 395 397 399 403 404 405 406 410 411 413 414 415 416 417 418 
152 153 159 161 162 166 168 171 180 184 185 186 187 203 205 206 210 236 238 242 249 253 255 257 262 265 274 279 288 289 301 306 307 308 311 326 333 334 347 352 353 354 370 382 386 387 391 395 416 
153 
154 165 177 216 217 234 243 259 291 302 305 319 337 341 350 361 374 380 390 395 398 400 402 412 
155 157 159 168 171 176 180 181 186 205 208 218 219 229 236 238 253 260 262 270 281 307 308 310 322 324 326 327 333 345 346 349 352 353 357 371 379 386 395 399 403 414 415 416 417 
156 160 163 172 176 208 213 220 222 224 227 237 240 245 284 298 312 317 332 363 367 373 385 406 
157 159 160 168 171 180 186 197 210 222 229 236 238 242 246 255 257 262 270 275 285 288 291 296 306 324 326 333 340 352 363 364 382 386 387 395 399 403 413 414 415 417 418 
158 176 190 240 299 343 
159 161 162 168 171 180 181 186 187 188 196 203 206 210 218 228 229 236 238 242 246 249 253 255 257 260 262 264 265 270 272 275 279 281 282 283 288 289 294 296 301 306 308 320 321 324 326 327 333 340 345 346 347 349 352 353 357 365 369 370 375 379 382 386 387 395 399 403 404 413 414 416 417 418 
160 184 240 267 389 
161 162 166 180 181 185 186 187 206 236 242 260 265 279 283 294 296 301 306 307 308 315 345 346 347 354 356 387 395 414 415 416 418 
162 168 171 180 181 182 185 186 187 188 205 206 218 228 236 247 249 254 255 260 262 265 274 275 279 287 289 292 294 296 301 306 307 308 310 315 324 327 333 339 345 347 349 353 354 357 369 379 381 382 386 387 395 399 403 404 414 415 416 418 
163 222 255 278 298 363 373 385 392 395 
164 165 170 212 216 217 219 234 259 299 302 305 319 337 341 350 361 362 374 380 390 398 400 402 410 412 
165 170 179 183 234 302 305 337 350 361 362 377 398 402 412 
166 168 171 180 181 186 187 188 196 203 205 206 210 218 228 229 231 236 238 242 246 249 253 255 258 260 262 265 270 272 275 279 281 282 283 287 289 292 294 296 304 306 307 308 310 311 320 321 322 323 327 331 333 334 345 346 347 349 352 353 354 357 369 375 379 382 386 387 396 399 403 404 413 414 416 417 418 
167 171 180 186 236 238 253 255 272 284 307 310 327 353 357 363 388 414 417 
168 170 171 180 184 186 187 188 196 203 205 210 216 218 219 220 228 229 233 234 236 238 242 244 246 247 249 250 253 254 255 257 258 260 262 264 265 270 272 274 275 279 281 283 285 288 289 292 293 294 296 299 301 303 306 307 308 310 311 320 321 322 324 326 327 331 332 333 334 337 340 344 345 346 347 349 350 352 353 354 357 358 360 365 368 369 370 371 375 379 381 382 383 386 387 391 394 395 396 399 402 403 404 408 410 411 413 414 415 416 417 418 
169 219 237 242 255 376 395 414 
170 176 183 184 186 195 196 213 216 219 222 225 227 234 236 242 243 246 251 255 257 259 275 291 294 298 305 306 317 337 341 350 361 362 380 385 386 390 395 399 400 402 403 406 410 412 414 416 417 
171 180 185 229 236 248 255 257 262 265 270 272 279 283 285 288 289 292 306 307 324 340 345 347 349 352 353 375 386 387 395 403 414 415 417 418 
172 176 181 184 189 190 191 195 201 209 210 211 213 216 219 222 223 224 226 227 230 232 234 236 237 240 242 245 255 256 259 266 267 273 275 277 278 284 287 297 298 299 305 309 312 316 317 326 328 329 330 332 340 341 342 343 344 356 357 359 363 364 367 373 376 385 386 392 397 406 413 417 
173 176 178 184 192 201 208 221 222 230 237 242 268 278 286 298 364 368 372 383 409 
174 176 190 197 213 222 240 266 276 290 299 364 
175 176 178 189 191 194 202 221 222 223 237 250 267 276 295 297 298 305 314 317 355 366 368 373 383 389 400 
176 178 184 189 190 191 194 195 197 199 201 202 204 208 209 211 213 215 221 222 223 224 225 226 227 230 232 235 237 240 241 244 245 250 252 256 261 263 266 267 268 269 271 273 276 277 278 284 286 290 295 297 298 299 300 303 309 312 314 316 317 325 328 329 330 332 335 342 343 344 355 356 359 363 364 366 367 368 372 373 376 377 378 383 385 388 389 392 393 397 401 406 407 
177 212 217 219 234 259 361 390 412 
178 181 190 202 208 213 216 217 219 222 225 226 229 230 234 236 240 259 268 275 278 286 297 298 307 308 314 324 328 335 337 342 347 350 352 353 356 366 375 378 383 395 403 410 417 418 
179 412 
180 181 186 187 196 206 210 222 226 228 229 236 238 242 246 247 253 255 257 259 260 262 264 265 270 275 279 281 282 283 285 287 288 289 294 296 301 307 308 311 321 322 324 326 327 333 334 340 345 346 347 349 352 353 354 357 369 371 375 379 382 386 387 395 399 403 404 405 414 415 416 417 418 
181 188 205 206 227 236 260 287 294 296 298 301 315 349 353 354 382 387 395 414 417 418 
182 236 260 274 294 301 334 382 386 395 403 414 417 
183 184 212 216 219 234 243 259 291 302 305 319 337 338 341 348 350 351 361 362 374 380 390 398 400 402 412 
184 202 213 222 224 226 242 267 273 309 312 317 329 349 363 376 378 381 385 395 412 
185 186 187 188 203 205 206 218 236 239 242 249 251 253 255 260 264 265 270 272 274 275 279 281 282 287 289 292 294 296 301 307 308 310 314 315 322 326 333 334 345 347 349 353 354 369 379 381 387 395 396 399 405 408 410 414 417 418 
186 187 188 190 191 196 198 206 208 210 213 217 218 221 222 226 228 229 230 231 234 236 238 240 242 246 247 250 253 254 255 257 258 259 260 262 265 267 270 272 274 275 279 282 283 284 285 287 288 289 291 292 294 296 299 301 306 307 308 310 311 315 316 320 321 322 324 326 327 331 333 334 340 344 346 347 349 352 353 354 356 357 368 369 371 373 375 379 382 385 386 387 390 395 399 403 404 405 410 412 413 414 415 416 417 418 
187 196 203 205 206 228 229 231 236 238 242 246 249 253 254 255 257 260 262 265 270 272 275 279 281 287 289 292 293 294 301 306 307 308 313 315 320 321 322 326 327 334 345 346 347 352 353 354 369 371 375 379 382 386 387 391 395 396 399 403 404 405 408 413 415 416 417 418 
188 206 210 229 236 238 242 257 287 289 294 306 320 321 340 346 347 375 386 395 399 413 414 417 
189 190 191 194 195 197 201 202 204 208 209 211 213 220 222 224 225 226 227 230 232 235 237 240 242 244 245 250 252 256 266 267 273 277 278 284 286 290 295 297 298 303 305 309 312 314 316 317 325 328 329 330 332 335 342 343 344 356 359 363 364 365 366 367 368 372 373 376 378 383 385 388 389 392 393 395 401 406 409 
190 208 211 222 224 226 251 256 257 263 275 286 289 298 299 312 317 320 326 332 343 356 385 416 417 
191 222 232 237 240 242 263 290 299 314 329 335 363 368 373 383 385 389 
192 276 337 385 
193 
194 208 222 224 232 237 240 258 276 295 297 309 317 335 385 406 
195 201 208 211 213 222 225 226 227 230 237 240 245 267 277 278 284 297 298 299 309 316 317 328 330 343 356 359 363 364 367 368 373 378 385 387 389 392 406 409 
196 198 203 205 206 214 219 228 229 231 234 236 238 242 246 249 253 254 255 257 258 260 264 265 270 272 274 275 279 281 282 283 287 288 289 292 293 294 296 301 306 307 308 310 315 320 321 322 324 327 331 333 338 340 345 346 347 349 352 353 354 357 358 369 379 381 382 385 386 387 390 391 395 396 399 403 404 408 410 411 413 414 415 416 417 
197 211 
198 214 255 318 
199 208 209 211 213 222 226 227 230 237 240 245 255 267 278 298 317 325 330 332 342 343 359 363 364 366 372 389 406 
200 
201 208 224 237 240 243 267 284 305 329 357 363 364 368 
202 203 205 207 209 210 211 213 214 216 217 219 221 222 224 226 227 228 229 230 232 234 236 237 238 240 242 243 244 245 246 250 252 253 255 256 257 259 260 262 264 265 266 267 268 270 272 273 275 277 278 279 282 283 284 287 289 291 294 296 297 298 299 301 305 306 309 311 312 314 316 317 318 319 320 321 325 326 327 328 329 330 332 333 337 340 341 342 343 344 346 349 350 352 353 356 357 359 361 363 364 366 367 368 369 371 373 374 375 376 379 380 382 383 385 386 388 389 390 392 394 395 397 398 399 400 402 403 404 405 406 409 410 412 413 414 416 417 418 
203 218 229 236 237 242 246 254 260 262 270 272 275 279 287 289 292 294 296 301 306 311 321 322 326 327 346 352 353 358 369 375 379 382 395 399 403 404 411 414 417 
204 208 211 213 221 222 227 230 232 235 240 245 250 252 263 266 268 284 286 290 295 298 303 309 312 316 328 332 343 344 356 363 364 366 367 368 373 378 383 385 406 
205 206 210 218 228 229 236 238 242 246 249 251 253 255 257 260 262 265 270 272 274 275 279 282 283 285 288 289 292 294 296 299 301 306 307 308 310 311 316 321 324 327 333 339 340 345 346 347 349 352 353 357 358 363 369 371 375 379 382 386 387 395 399 403 404 405 410 411 413 414 415 416 417 418 
206 210 218 222 228 229 231 236 238 240 242 246 249 251 253 255 257 258 260 262 264 270 272 275 279 281 283 287 288 289 292 293 294 296 301 307 308 310 311 315 320 321 322 323 326 327 333 340 345 346 347 349 352 353 354 365 369 375 379 382 386 391 395 399 403 410 411 413 414 415 416 417 418 
207 214 265 273 287 305 308 311 318 319 410 
208 209 213 221 222 226 232 237 240 241 244 245 258 267 278 295 297 299 303 305 309 312 316 317 325 330 332 335 343 356 359 363 364 385 386 392 395 406 
209 211 213 222 226 234 237 240 245 251 255 278 291 298 299 309 314 363 364 367 373 392 406 
210 236 242 253 255 259 264 270 282 288 306 327 337 340 346 352 353 382 386 395 404 413 417 
211 213 221 222 224 225 226 227 228 234 235 237 240 242 252 255 257 258 259 263 265 267 270 276 277 278 284 286 291 295 297 298 299 301 309 325 327 335 349 356 363 364 367 368 372 373 376 383 385 386 387 389 395 397 405 414 417 
212 216 217 218 219 234 236 242 243 259 286 291 295 299 302 305 319 322 328 337 338 341 350 361 363 374 380 385 386 390 395 398 400 402 412 417 
213 222 225 226 229 240 245 255 290 300 317 328 333 353 356 363 364 373 378 397 399 406 411 414 418 
214 255 289 303 318 380 386 390 391 399 410 416 
215 
216 217 219 222 224 225 226 227 228 230 232 234 236 237 238 240 242 243 244 245 246 251 253 255 256 257 259 262 263 264 265 267 270 272 273 274 277 278 279 282 283 287 289 291 292 295 296 297 298 299 301 302 305 306 309 310 311 312 316 317 319 320 321 322 324 325 329 330 331 333 337 338 341 343 344 345 346 347 348 349 350 352 353 354 356 357 359 361 362 364 367 373 374 375 376 378 379 380 382 383 385 386 387 390 392 397 398 399 400 402 403 404 405 406 409 410 412 413 414 416 417 
217 219 234 243 259 265 274 291 301 305 319 327 337 338 341 349 350 357 361 362 380 387 398 400 402 403 412 414 
218 228 229 236 238 242 249 253 254 260 262 265 279 281 282 289 292 294 296 301 306 307 308 310 320 322 326 327 346 347 352 353 358 363 365 367 369 371 375 379 386 387 395 399 403 404 413 414 416 417 418 
219 234 240 259 337 341 374 380 385 390 412 
220 284 
221 222 223 225 227 230 232 234 240 244 245 250 252 259 266 273 276 277 278 284 286 293 295 297 298 309 312 314 316 317 328 332 335 342 343 355 356 359 363 364 366 368 373 378 383 385 392 393 397 406 
222 223 224 226 227 230 232 234 235 236 237 240 244 245 250 252 256 259 266 267 268 273 277 278 284 286 290 295 297 298 299 300 303 309 312 314 316 317 325 328 329 330 332 335 342 343 344 356 359 363 364 368 372 373 378 383 385 388 389 392 406 417 
223 224 226 227 230 234 237 240 244 245 256 266 267 273 277 278 284 297 298 299 309 312 316 317 325 328 329 330 332 335 342 343 344 352 356 359 363 364 366 367 373 376 378 385 389 392 397 406 
224 226 227 230 234 236 237 245 273 277 278 284 291 297 298 299 305 316 317 325 330 341 342 343 356 359 366 372 373 386 406 
225 227 240 252 309 332 337 341 343 373 385 
226 230 238 255 263 267 270 299 309 310 317 363 395 
227 230 237 238 240 263 276 277 278 284 297 298 299 309 316 317 343 344 346 359 363 364 367 373 376 385 389 392 406 
228 229 234 236 238 242 246 247 248 249 253 254 255 257 259 260 262 264 265 270 272 274 275 279 282 283 285 287 288 289 291 294 295 296 299 301 305 306 307 308 311 312 320 321 322 324 326 327 328 331 333 337 340 341 344 345 346 349 352 353 354 356 357 369 371 375 379 382 385 386 387 395 399 402 403 404 405 410 413 414 416 417 418 
229 231 234 236 240 255 257 259 270 274 283 326 340 349 352 353 371 375 381 386 390 395 403 414 417 418 
230 232 236 237 238 240 242 245 249 252 255 256 257 263 266 267 270 273 274 277 278 284 285 294 295 296 297 298 299 309 312 316 317 324 325 329 330 342 343 344 346 347 353 354 356 358 359 363 364 366 367 368 372 373 378 383 385 386 388 389 392 395 403 406 414 417 
231 236 289 293 399 417 
232 256 299 
233 236 238 243 253 267 272 284 292 321 333 357 365 382 387 395 403 416 
234 242 278 305 317 319 337 380 398 402 412 
235 
236 238 239 242 246 247 248 249 251 253 255 257 258 260 262 264 265 270 272 274 275 279 280 281 282 283 285 287 288 289 292 293 294 296 301 304 306 307 308 310 311 313 315 320 321 322 324 326 327 331 333 334 336 339 340 345 346 347 349 352 353 354 357 360 365 369 370 375 379 382 386 387 391 395 396 399 403 404 405 408 411 413 414 415 416 417 418 
237 240 242 245 252 263 267 268 273 277 278 284 286 290 297 298 299 308 309 312 314 316 317 325 327 328 329 332 335 342 343 344 346 347 349 353 359 363 364 366 367 368 372 373 376 383 385 389 392 395 401 406 414 417 
238 242 249 255 257 260 272 275 279 283 286 287 288 289 296 299 305 306 307 308 327 345 346 349 352 354 358 369 379 386 387 395 403 414 416 
239 249 274 287 288 292 306 315 324 326 334 345 346 349 353 354 358 395 399 404 415 417 
240 252 255 263 267 275 278 284 298 299 314 317 327 328 335 343 349 356 363 364 367 368 372 373 383 385 386 389 414 418 
241 309 312 330 335 343 363 385 
242 253 255 257 285 297 305 308 310 321 324 327 333 337 346 353 363 373 375 395 410 415 417 418 
243 259 284 291 301 302 305 319 337 361 374 380 398 400 412 
244 
245 415 
246 288 
247 249 259 379 395 
248 265 289 295 299 306 308 341 347 358 386 
249 252 253 255 257 260 262 264 265 270 272 274 275 279 281 282 283 285 286 287 289 290 292 293 294 296 299 301 305 306 307 308 309 310 311 315 320 321 322 323 324 326 327 333 334 336 339 345 346 347 349 350 352 353 354 357 358 363 365 369 370 371 375 379 382 383 386 387 391 395 399 403 404 405 410 411 413 414 415 416 417 418 
250 284 309 344 363 
251 253 291 333 381 395 417 
252 309 317 363 385 
253 255 257 264 270 275 282 287 288 294 306 320 321 324 326 327 337 346 349 352 353 375 382 386 387 395 403 404 414 415 416 417 
254 279 327 340 395 417 418 
255 256 257 262 265 270 272 275 289 293 294 301 307 320 321 326 334 349 352 353 382 386 395 399 412 414 415 416 417 
256 
257 260 262 264 265 270 275 278 279 281 282 283 287 288 289 293 294 296 301 307 310 311 320 321 322 326 327 333 340 341 346 349 352 353 354 357 369 371 375 379 382 386 387 395 397 399 403 404 413 414 416 417 418 
258 260 262 265 270 272 274 275 278 279 281 282 283 285 288 289 292 293 294 296 301 306 307 308 310 314 318 320 321 322 324 326 327 331 333 334 338 345 346 347 349 352 353 354 357 365 369 370 371 375 379 382 385 386 387 390 391 395 396 399 403 404 405 408 411 413 414 415 416 417 418 
259 278 291 301 305 312 319 337 341 361 374 380 398 402 404 
260 262 265 270 272 274 275 279 281 282 283 285 287 289 294 296 301 306 307 308 309 310 315 320 321 322 326 327 333 334 339 345 346 349 352 353 354 358 365 369 371 375 379 382 385 386 387 395 399 403 404 410 411 413 414 415 416 417 418 
261 385 
262 301 339 345 347 403 404 
263 267 274 278 284 290 291 298 299 301 312 314 316 328 332 356 363 364 368 372 373 378 385 392 406 418 
264 306 347 357 375 395 
265 270 272 274 279 281 282 283 287 289 292 294 295 296 301 304 306 308 310 311 321 322 326 327 333 334 340 345 347 349 352 353 354 358 369 371 375 376 379 382 386 387 395 399 404 405 407 411 413 414 415 416 417 418 
266 278 
267 273 275 276 277 278 279 284 290 297 298 299 309 311 314 316 317 325 327 328 335 342 343 344 345 356 363 366 367 368 372 373 376 381 385 386 389 392 395 397 404 406 
268 
269 276 284 295 372 
270 306 347 352 357 365 395 413 
271 
272 275 281 283 285 287 288 289 292 294 299 301 306 308 310 311 316 320 321 322 324 326 333 345 346 347 349 352 353 357 358 369 370 375 379 382 385 386 387 389 395 399 403 404 414 415 416 417 418 
273 286 308 311 317 330 363 373 376 385 
274 279 281 282 283 285 287 288 289 292 293 294 296 301 304 305 306 307 308 310 311 313 315 320 321 322 324 326 327 331 333 334 336 337 339 345 346 347 349 352 353 354 357 358 369 370 373 375 379 382 386 387 395 396 397 399 400 403 404 405 408 411 413 414 415 416 417 418 
275 279 281 283 288 289 292 294 296 306 320 321 324 326 327 333 340 345 346 347 349 352 353 358 363 371 375 379 382 385 386 387 389 395 399 403 413 414 415 416 417 418 
276 277 278 284 286 295 297 298 299 303 309 312 316 317 328 343 355 359 363 364 367 372 373 376 385 389 406 417 
277 278 284 325 363 366 367 368 372 373 376 383 385 389 
278 279 284 289 291 294 297 298 299 303 305 309 311 312 314 316 317 318 320 321 325 326 327 328 329 330 332 333 337 342 343 344 346 347 350 352 353 356 357 359 363 364 367 368 372 373 376 381 385 386 389 392 395 397 403 405 406 409 413 414 416 417 418 
279 282 283 289 292 294 296 299 301 303 306 307 308 310 311 315 320 321 322 323 324 326 327 331 333 334 337 346 347 349 352 353 354 356 357 367 368 369 370 371 375 379 382 385 386 387 395 403 404 411 413 414 415 416 417 418 
280 326 413 
281 283 288 289 294 296 306 308 310 321 322 326 345 346 349 353 354 375 379 382 387 395 399 403 415 416 418 
282 306 340 346 386 
283 285 288 289 294 296 301 306 307 310 320 321 322 324 326 327 340 349 352 353 354 357 365 368 375 379 386 387 395 399 403 404 405 413 414 415 416 417 
284 286 290 295 297 298 299 300 303 305 309 312 314 316 317 325 328 329 330 332 335 341 342 343 344 350 356 359 361 363 364 366 367 368 372 373 376 378 383 385 388 389 390 392 393 397 406 409 
285 
286 295 299 327 328 356 364 395 417 
287 289 292 296 301 306 310 311 315 320 321 322 324 326 327 340 346 347 349 352 353 354 357 358 369 375 379 381 382 386 387 395 399 403 404 405 410 411 413 414 416 417 418 
288 292 310 324 327 333 334 345 346 347 349 353 375 379 382 386 395 403 414 417 418 
289 293 294 295 301 303 306 307 308 310 311 313 315 321 322 323 326 327 328 329 331 333 341 345 346 347 349 352 353 354 367 371 373 375 381 386 391 395 396 399 404 408 411 412 413 414 415 416 417 418 
290 
291 337 362 374 412 
292 347 361 395 417 
293 301 315 379 391 416 417 
294 296 301 306 307 310 311 315 320 321 324 326 333 334 340 345 346 347 349 353 354 358 363 367 369 379 382 386 387 389 395 403 404 410 414 417 418 
295 298 299 300 303 305 309 314 316 317 325 328 329 332 341 342 343 344 350 356 363 364 368 373 378 385 386 389 393 402 406 407 409 410 417 
296 301 306 307 308 310 311 320 321 322 324 326 327 331 333 340 345 346 347 349 352 353 354 357 369 371 375 379 382 386 387 395 399 403 404 405 413 414 415 416 417 418 
297 298 299 300 303 309 312 314 316 317 325 328 329 330 332 335 342 343 344 356 359 363 364 366 367 368 372 373 376 378 383 385 388 389 392 393 397 406 
298 299 300 306 309 310 312 316 317 320 325 328 329 330 332 335 342 343 344 345 346 350 353 356 359 363 364 367 372 373 381 385 386 389 392 393 395 397 403 406 410 414 417 
299 328 343 363 364 368 373 385 386 395 402 410 
300 309 317 366 372 385 
301 304 306 307 308 311 315 318 320 321 322 324 326 331 333 334 345 347 349 350 354 356 357 364 365 368 369 371 374 375 379 381 382 385 386 387 395 397 399 404 405 406 410 413 414 416 417 418 
302 305 380 412 
303 
304 308 311 404 417 
305 306 307 309 311 312 316 317 319 320 326 327 329 330 332 337 338 341 342 344 345 346 347 350 352 353 354 356 357 359 361 362 363 364 367 368 373 374 375 376 379 380 382 385 386 388 390 392 394 395 397 398 400 402 403 404 405 406 410 412 414 416 417 418 
306 307 308 310 311 320 322 324 326 327 333 346 352 353 357 379 386 403 414 417 
307 308 310 311 315 320 321 322 324 326 327 333 334 336 345 346 347 349 352 353 354 357 358 369 371 382 386 387 395 399 403 404 413 414 415 416 417 418 
308 310 315 321 326 327 333 334 345 346 347 349 352 353 354 369 371 378 379 385 386 387 395 399 403 404 405 411 413 414 415 417 418 
309 332 363 
310 320 324 326 333 345 346 347 352 358 386 395 399 405 414 417 418 
311 315 319 322 323 326 346 349 353 354 357 365 370 375 377 379 381 386 395 399 400 404 405 407 410 411 413 414 415 416 417 
312 363 367 417 
313 415 418 
314 316 317 335 343 356 366 372 373 389 392 
315 323 324 334 345 347 353 354 357 369 382 395 399 405 410 415 417 
316 317 
317 318 325 326 329 330 332 335 337 341 342 343 344 345 346 350 356 359 363 364 367 368 373 376 378 380 385 386 389 392 395 397 402 406 410 414 417 418 
318 368 410 
319 326 330 337 338 341 347 350 361 362 363 374 376 378 380 385 390 392 395 398 400 402 412 417 
320 324 326 333 346 349 352 353 357 358 375 386 387 395 404 413 414 416 417 
321 327 333 345 349 386 395 404 416 417 
322 326 327 354 382 386 395 416 417 
323 333 
324 333 334 345 346 347 354 358 365 369 382 387 414 416 
325 330 332 345 346 353 363 373 385 389 393 406 409 
326 331 333 345 352 386 395 413 414 
327 333 346 352 353 375 386 395 403 414 416 417 
328 336 342 343 344 356 359 363 367 372 373 376 383 385 389 402 406 
329 372 
330 372 373 
331 399 
332 
333 334 339 345 346 347 349 352 353 354 357 369 379 382 386 387 395 399 403 404 405 406 413 414 415 416 417 418 
334 335 345 347 349 352 353 354 369 375 379 382 386 387 391 395 399 415 416 418 
335 344 363 368 373 383 385 389 406 409 
336 367 382 386 414 417 
337 338 341 348 350 361 362 363 364 374 380 385 390 398 400 402 412 417 
338 341 348 350 351 361 362 374 380 390 398 400 402 408 412 
339 345 346 353 386 395 403 404 415 417 
340 349 352 353 363 382 386 399 417 
341 350 361 
342 356 
343 363 385 
344 353 359 363 364 368 376 385 388 392 406 
345 352 353 357 414 417 418 
346 347 349 352 353 358 382 386 395 403 404 405 410 413 414 417 
347 349 350 352 353 354 356 357 359 361 364 366 367 368 369 373 374 375 376 378 379 380 382 383 385 386 387 388 389 392 394 395 397 398 399 402 403 404 405 406 410 411 413 414 415 416 417 418 
348 
349 352 353 363 369 371 375 382 386 387 399 403 404 405 410 413 414 416 417 
350 356 395 
351 
352 364 403 414 417 
353 354 357 358 365 369 370 371 375 379 382 385 386 387 389 391 395 396 399 403 404 405 413 414 416 417 418 
354 369 386 395 399 413 414 415 416 417 418 
355 372 
356 363 373 386 406 417 
357 365 367 371 379 382 386 387 400 417 418 
358 369 387 404 405 411 414 
359 363 364 367 385 
360 395 
361 362 363 374 380 390 395 398 400 402 412 
362 374 380 390 400 402 412 
363 367 385 395 417 
364 367 368 373 386 403 414 
365 387 414 417 
366 372 376 385 389 406 
367 395 
368 383 389 
369 375 379 382 386 387 395 404 414 415 416 417 418 
370 382 395 417 
371 386 403 417 
372 373 376 383 385 388 389 392 397 406 
373 378 383 385 406 414 417 
374 380 390 398 402 412 
375 382 386 395 399 403 404 413 414 415 416 417 418 
376 377 378 380 
377 378 
378 385 386 395 397 407 
379 382 391 395 399 403 404 414 415 416 417 418 
380 385 390 398 402 412 417 
381 395 410 
382 386 387 395 399 404 411 415 416 417 418 
383 385 407 
384 394 
385 
386 387 389 395 399 403 404 410 413 414 415 416 417 418 
387 390 395 403 404 405 410 411 413 414 416 417 418 
388 
389 406 410 417 
390 400 
391 395 396 399 408 416 417 
392 397 406 
393 
394 
395 399 403 405 413 414 415 416 417 418 
396 405 408 416 
397 
398 402 412 
399 403 405 413 414 416 417 418 
400 402 412 
401 
402 
403 404 405 410 413 414 415 416 417 418 
404 405 413 414 415 416 417 418 
405 416 417 
406 412 414 
407 
408 
409 
410 
411 414 416 417 
412 
413 416 418 
414 415 416 417 418 
415 416 417 
416 417 418 
417 418 
418 
[0, 1, 1, 1, 0, 4, 0, 0, 0, 1, 1, 0, 0, 2, 0, 1, 0, 0, 1, 1, 1, 0, 0, 1, 1, 1, 0, 2, 0, 2, 2, 0, 0, 1, 1, 0, 0, 0, 1, 4, 0, 1, 4, 1, 0, 0, 1, 0, 0, 1, 1, 1, 0, 0, 1, 1, 0, 0, 1, 2, 1, 1, 0, 1, 4, 2, 1, 0, 0, 0, 0, 0, 1, 0, 1, 0, 0, 0, 1, 1, 0, 0, 1, 0, 1, 0, 1, 0, 0, 1, 1, 1, 0, 1, 0, 1, 3, 1, 1, 1, 0, 1, 1, 2, 1, 1, 4, 1, 2, 0, 0, 0, 1, 0, 0, 1, 0, 0, 1, 0, 0, 2, 1, 0, 0, 0, 3, 1, 4, 1, 0, 0, 1, 1, 0, 2, 1, 1, 0, 1, 0, 0, 1, 1, 1, 1, 1, 1, 0, 1, 0, 1, 1, 1, 2, 1, 0, 1, 0, 1, 0, 1, 1, 0, 2, 2, 1, 1, 1, 0, 2, 1, 0, 0, 0, 0, 0, 2, 0, 2, 1, 1, 1, 2, 0, 1, 1, 1, 1, 0, 0, 0, 0, 0, 0, 0, 1, 0, 3, 0, 1, 0, 0, 1, 0, 1, 1, 4, 0, 0, 1, 0, 2, 0, 3, 0, 2, 2, 1, 2, 0, 0, 0, 0, 0, 0, 0, 0, 1, 1, 0, 1, 0, 1, 2, 0, 1, 0, 1, 1, 0, 0, 1, 2, 0, 0, 1, 1, 1, 1, 0, 1, 0, 1, 1, 1, 0, 1, 1, 2, 1, 0, 1, 0, 1, 1, 0, 0, 0, 0, 1, 0, 1, 0, 1, 1, 0, 0, 0, 1, 1, 1, 1, 1, 0, 1, 0, 1, 1, 1, 0, 2, 1, 1, 1, 0, 1, 0, 0, 0, 0, 1, 2, 0, 1, 2, 1, 1, 1, 0, 1, 1, 0, 1, 0, 1, 0, 0, 3, 2, 1, 1, 1, 1, 1, 0, 1, 1, 0, 0, 0, 1, 0, 1, 1, 0, 1, 2, 2, 1, 1, 2, 0, 0, 0, 1, 1, 1, 2, 1, 2, 2, 1, 1, 1, 0, 0, 1, 1, 0, 1, 2, 2, 0, 0, 1, 0, 0, 0, 1, 1, 1, 0, 0, 2, 1, 0, 0, 0, 1, 2, 4, 1, 0, 4, 0, 1, 1, 0, 0, 2, 1, 0, 0, 4, 1, 1, 0, 2, 1, 2, 0, 2, 1, 1, 1, 0, 0, 1, 0, 4, 1, 2, 1, 1, 1, 1, 1, 1]