0 3 8 14 17 56 57 67 76 88 105 119 160 174 186 191 222 224 230 240 265 277 294 319 325 328 329 335 367 373 376 378 383 406 
1 2 9 19 23 49 54 93 99 152 159 171 257 265 283 288 289 301 308 375 386 387 399 400 415 
2 9 19 23 33 38 43 45 49 50 51 60 61 67 78 79 82 89 93 95 98 99 109 115 118 122 132 137 141 149 151 152 159 160 161 162 168 171 174 180 181 186 187 203 205 206 213 214 240 242 255 257 262 265 270 272 273 275 277 279 281 283 287 288 289 294 296 299 303 307 311 315 317 320 326 327 333 334 340 344 345 353 354 358 375 376 379 382 386 391 399 404 415 418 
3 23 33 38 50 51 72 79 88 98 99 122 139 145 161 168 174 187 205 253 260 272 274 279 294 301 315 321 327 334 346 354 365 369 387 404 405 
4 8 45 81 109 123 156 186 209 222 240 277 278 295 298 314 321 328 366 417 
5 118 262 384 
6 76 80 110 333 373 406 414 
7 8 11 14 17 22 35 38 43 47 50 51 60 63 70 76 77 82 93 95 109 118 138 146 152 160 163 168 173 180 181 184 185 186 206 222 226 229 237 240 242 255 263 267 273 274 277 281 283 288 289 291 294 298 299 311 315 326 328 333 335 338 349 353 354 364 368 378 382 387 389 400 411 412 413 
8 14 19 33 38 40 45 58 63 67 69 75 76 77 78 80 81 82 93 95 99 105 109 110 114 116 117 119 137 141 150 159 160 163 170 173 174 178 186 191 195 206 208 209 213 222 226 227 230 232 237 240 255 257 263 266 267 270 275 277 278 279 283 289 295 299 303 305 321 327 328 333 334 335 336 350 356 364 368 373 376 383 386 389 395 404 406 411 414 416 418 
9 33 38 43 50 51 58 61 79 95 99 137 152 162 168 180 186 196 242 253 265 274 277 279 283 301 308 310 311 320 321 323 326 354 375 379 415 416 
10 19 28 61 78 89 95 102 115 139 146 168 171 187 212 229 265 283 289 346 399 
11 36 40 69 76 80 81 86 89 92 93 98 109 110 114 121 122 132 134 138 139 163 180 189 190 194 195 208 221 222 227 240 267 270 273 277 278 295 298 299 317 334 335 338 349 352 364 365 367 373 378 385 386 389 391 397 
12 150 191 267 277 278 299 368 389 
13 27 30 33 34 38 63 65 69 76 77 79 82 93 96 99 108 116 121 136 141 151 154 159 161 162 164 170 180 185 186 190 199 203 205 206 209 212 216 228 230 234 242 255 257 283 289 291 296 299 305 307 333 338 349 350 354 361 382 389 400 412 414 418 
14 36 40 47 56 68 76 77 80 88 109 110 114 117 119 134 160 162 163 180 197 222 230 243 257 267 273 276 277 298 328 335 367 376 389 
15 78 93 99 115 139 152 255 289 315 338 408 
16 35 45 47 50 60 75 81 93 107 109 119 121 134 145 161 187 189 190 195 203 214 225 227 228 249 266 273 299 317 334 361 376 383 386 389 392 410 414 
17 80 109 114 130 174 199 211 222 261 277 368 376 378 385 
18 
19 38 60 61 78 89 93 95 98 99 115 126 136 144 159 166 168 170 186 187 196 209 214 229 231 249 255 262 287 289 293 294 315 320 321 340 366 371 386 387 389 391 399 403 414 417 
20 23 25 33 79 89 95 115 118 146 157 161 196 213 222 289 294 320 334 353 369 387 
21 109 119 180 226 278 299 
22 54 76 168 184 267 284 366 368 
23 38 49 50 51 61 63 65 69 72 79 86 89 93 95 99 107 136 137 146 149 151 168 171 186 187 207 221 228 229 255 262 265 272 275 281 288 294 296 301 306 307 315 320 328 334 347 353 354 357 358 369 382 386 387 404 411 414 416 
24 180 327 
25 38 78 115 206 281 301 353 354 386 417 
26 
27 50 65 99 108 118 145 162 165 180 219 243 252 267 272 284 305 307 337 365 368 374 381 400 
28 214 229 376 
29 33 50 63 121 216 337 338 361 379 399 400 
30 43 53 212 265 305 319 
31 47 89 92 119 197 222 389 
32 
33 38 43 49 50 51 54 55 58 61 63 66 72 78 79 82 86 89 93 95 98 99 102 105 107 109 112 115 121 122 129 137 139 141 145 147 151 152 157 159 161 162 168 171 180 186 187 188 196 201 203 206 214 229 230 236 239 240 242 243 255 257 260 262 265 272 274 275 277 278 279 281 283 287 288 289 292 293 294 296 301 306 307 308 311 315 319 320 321 324 326 327 333 334 340 345 347 349 354 369 375 379 382 386 387 391 395 397 403 414 415 418 
34 38 43 49 50 51 55 58 60 61 63 66 69 72 75 76 78 79 82 89 90 91 93 95 98 99 109 114 115 118 121 122 124 132 133 135 136 137 139 143 144 145 146 151 152 159 161 162 165 167 168 170 171 174 180 181 185 186 187 188 190 203 205 206 222 228 229 230 236 237 239 240 242 248 249 253 255 257 262 267 272 275 278 279 283 285 287 288 289 292 294 296 298 305 306 307 311 317 321 323 324 327 333 334 340 346 347 349 352 354 357 358 367 368 369 370 373 375 382 386 387 389 391 395 399 403 405 410 411 414 415 416 417 418 
35 45 75 80 109 118 123 150 201 277 292 311 315 335 
36 44 45 85 119 221 277 366 
37 43 108 109 110 161 174 180 213 222 223 265 274 288 291 295 301 308 356 367 
38 49 50 51 61 78 82 93 98 99 102 122 139 146 149 151 159 162 168 171 180 186 187 203 228 229 240 242 249 262 265 272 277 288 294 296 301 307 315 324 328 333 334 349 354 357 366 369 374 375 382 386 387 403 414 415 418 
39 262 301 384 
40 85 105 109 110 119 150 266 321 328 335 339 386 
41 89 97 98 152 171 236 281 289 293 296 399 405 
42 58 65 135 249 262 361 418 
43 49 50 58 76 78 79 86 93 98 99 105 106 107 112 118 133 137 145 152 162 168 170 180 185 186 203 205 207 222 229 236 253 265 272 273 275 281 287 288 289 301 306 307 308 311 315 320 321 327 372 375 376 378 386 387 403 404 418 
44 56 76 80 110 123 160 161 181 222 230 232 240 277 335 354 367 400 
45 56 58 83 109 141 148 171 206 222 227 277 278 298 309 328 335 365 367 410 
46 65 77 145 148 206 281 320 353 354 386 389 405 417 
47 110 230 237 240 293 295 298 320 
48 190 212 222 223 232 257 267 294 309 356 389 
49 50 51 58 66 78 79 82 93 99 136 139 145 147 149 152 168 171 181 186 187 188 201 203 206 229 247 249 260 265 277 279 282 283 284 289 294 296 307 310 315 324 334 339 344 354 357 365 368 369 375 381 387 404 
50 51 58 61 72 86 89 93 98 99 115 118 127 133 143 146 149 151 155 159 161 162 167 168 171 180 181 182 186 203 213 228 230 236 275 283 288 294 296 301 307 308 335 346 357 365 371 375 382 387 399 403 404 414 415 417 418 
51 55 58 61 66 69 72 78 79 82 89 98 99 102 115 122 136 137 141 146 151 161 168 180 182 186 187 203 205 254 260 272 275 279 283 287 289 294 296 301 306 307 315 320 334 344 354 369 371 375 382 386 387 414 
52 80 105 383 385 
53 67 70 76 114 117 152 190 207 273 311 317 319 326 378 
54 58 63 65 66 72 76 77 78 79 81 82 93 98 99 126 136 152 155 157 161 162 168 171 174 180 185 187 201 203 205 206 208 216 226 239 242 243 249 251 255 257 262 265 267 270 272 277 279 283 289 294 296 299 301 307 311 315 317 320 324 328 333 337 344 347 349 353 354 368 374 375 381 382 386 387 397 399 405 414 416 418 
55 58 82 95 99 104 112 122 132 136 139 144 145 147 151 168 171 206 228 281 283 288 294 301 324 333 334 354 368 375 386 403 405 414 418 
56 76 81 116 223 298 335 389 406 
57 67 88 148 242 277 366 
58 61 66 67 78 79 82 89 93 95 97 99 109 115 117 119 133 137 152 157 159 161 168 171 180 181 186 187 196 203 206 228 242 257 260 262 265 270 272 274 275 279 281 283 288 289 296 306 308 309 320 324 326 333 334 336 340 349 354 360 375 382 386 387 413 417 418 
59 183 294 305 319 400 
60 63 72 79 89 139 145 152 157 170 180 201 207 247 255 287 288 293 334 340 353 391 410 
61 76 79 89 92 99 115 119 145 149 168 187 206 253 257 265 272 277 279 294 319 321 325 334 347 354 382 
62 69 76 109 195 203 230 257 299 352 364 386 404 
63 68 72 73 76 78 79 80 81 89 93 97 98 99 105 108 109 112 118 121 122 124 133 135 136 139 143 144 146 151 152 154 157 159 161 162 163 167 168 171 180 181 186 187 188 201 203 206 210 216 222 228 236 239 242 249 253 257 265 272 275 278 279 281 283 287 288 289 292 294 296 299 301 307 311 315 320 321 323 326 327 328 333 334 340 349 352 354 361 364 365 367 373 375 381 382 386 387 395 400 403 404 405 410 411 414 415 416 417 418 
64 
65 80 148 154 170 183 203 216 222 234 255 281 287 298 305 319 320 338 361 366 373 374 386 400 410 
66 69 72 78 79 82 86 89 91 93 95 97 98 99 102 104 112 122 133 136 139 141 144 145 147 151 152 155 159 161 162 168 170 171 180 181 186 187 188 196 201 203 205 206 228 236 242 249 253 257 260 262 265 272 273 275 279 281 283 287 288 289 292 294 296 301 306 307 308 310 320 321 324 326 327 333 334 352 353 354 358 366 369 371 373 375 379 382 386 387 390 403 411 414 415 416 
67 109 159 189 193 207 273 277 278 286 308 325 376 
68 136 354 400 
69 75 76 80 88 105 109 114 119 123 146 150 160 178 195 199 209 221 222 226 227 232 240 267 273 277 278 286 289 298 305 317 328 335 364 367 368 373 374 383 389 397 414 
70 76 157 160 189 209 230 240 267 277 278 283 299 307 309 412 
71 119 168 230 291 337 383 
72 78 86 89 95 99 102 110 122 136 144 146 159 161 168 185 187 203 213 218 240 249 265 283 287 289 294 296 301 315 352 358 361 395 405 
73 119 168 186 237 373 383 
74 82 146 281 324 368 369 
75 76 88 109 110 145 150 165 170 188 195 204 213 227 270 277 289 295 298 309 321 328 364 368 373 378 389 
76 77 80 91 109 110 115 117 141 174 178 180 184 209 222 226 230 237 242 266 267 277 278 283 289 298 299 317 320 344 349 354 357 364 368 376 383 400 
77 88 141 267 277 325 328 383 400 
78 79 82 86 89 93 95 99 102 109 115 132 133 136 137 144 146 151 161 162 167 168 170 171 180 186 187 188 196 206 214 228 231 257 265 272 275 283 285 287 289 293 294 296 301 307 308 320 321 334 338 340 387 391 399 400 408 415 
79 82 89 93 99 107 122 137 139 151 152 159 161 171 180 185 186 187 196 203 205 206 253 255 260 265 275 279 281 287 288 294 296 301 308 315 321 324 334 353 354 368 369 375 382 386 387 399 404 410 414 417 418 
80 85 88 99 109 114 119 141 160 173 174 178 184 190 191 213 222 226 237 263 267 273 275 277 284 295 299 317 321 334 335 356 378 387 
81 88 109 141 174 206 208 222 240 242 260 273 277 278 286 295 299 317 328 
82 86 89 93 95 99 112 132 136 144 145 146 149 151 152 157 161 162 168 171 180 182 185 186 187 188 203 206 228 260 262 265 272 274 275 279 281 283 287 288 289 292 293 294 296 301 306 307 308 311 315 320 321 334 349 354 357 369 379 382 387 395 399 406 
83 148 309 
84 105 379 
85 88 102 109 119 124 138 150 160 222 226 227 273 277 289 295 298 299 300 301 321 328 334 339 356 367 368 373 414 
86 89 91 93 95 98 99 102 105 107 109 110 112 114 115 122 132 136 137 141 143 145 149 151 152 159 161 162 167 168 170 171 172 180 181 185 186 187 190 196 203 205 206 210 211 222 228 229 230 236 239 240 242 249 253 257 262 265 272 273 275 276 277 279 281 283 287 288 289 294 295 296 298 301 306 307 308 310 317 320 321 324 326 333 334 345 346 347 349 353 354 358 370 373 375 379 381 382 386 387 391 399 403 405 408 414 415 416 418 
87 89 99 110 138 167 170 174 209 213 222 226 228 240 263 267 273 277 299 314 317 356 383 389 400 
88 105 110 119 141 160 222 227 240 266 267 276 277 278 295 366 368 374 383 389 397 
89 93 95 97 98 104 107 115 118 133 136 139 144 145 146 151 159 161 162 166 170 171 180 186 187 190 196 198 206 214 229 260 272 275 289 292 293 298 307 313 320 327 333 340 354 358 386 387 396 399 411 416 417 
90 151 161 182 257 289 294 301 334 
91 95 98 114 122 146 152 167 171 178 180 196 270 272 275 277 278 283 287 288 289 294 306 310 320 323 334 352 358 375 387 395 399 400 414 417 
92 95 96 119 145 157 162 167 180 185 206 229 230 239 255 257 260 270 283 285 288 289 292 293 294 320 321 323 326 346 347 352 354 372 382 399 400 416 
93 95 98 99 105 107 112 115 133 136 137 139 145 146 151 152 155 159 160 161 162 167 168 170 171 180 181 187 188 203 205 206 228 229 236 240 242 249 253 257 260 262 265 270 272 274 275 277 279 283 288 289 294 296 301 307 317 320 323 324 333 334 340 346 347 354 358 373 375 382 386 387 403 414 415 418 
94 135 299 383 
95 104 115 137 144 146 152 157 165 166 168 180 186 187 196 229 231 255 257 265 277 281 283 289 293 294 296 315 327 352 354 369 375 382 391 399 411 415 
96 123 126 198 207 208 214 318 399 
97 115 
98 99 102 105 107 109 112 118 134 136 137 143 144 145 147 151 152 154 157 159 161 162 164 168 170 171 180 181 185 186 187 196 203 205 206 212 218 222 229 236 239 242 262 265 270 272 275 277 281 283 285 287 288 289 294 296 308 320 324 326 327 333 334 340 346 347 349 354 358 369 371 373 375 379 382 386 387 399 403 414 415 
99 102 104 105 109 112 114 115 118 119 122 124 132 133 139 144 145 146 147 151 152 157 159 161 162 167 168 170 171 180 181 185 186 187 188 196 201 203 205 206 213 214 222 228 229 230 231 233 236 239 240 242 249 253 257 260 262 265 270 272 273 275 277 279 281 283 285 287 288 289 292 293 294 296 298 301 306 307 308 315 320 321 324 326 333 334 345 346 347 349 352 353 354 357 358 368 369 373 375 379 382 386 387 399 403 406 410 411 414 415 416 417 
100 105 110 114 141 216 277 325 335 373 383 397 
101 191 207 249 253 285 287 294 324 358 387 404 414 
102 104 107 118 132 147 159 161 168 239 249 253 270 283 333 334 347 354 369 387 
103 154 161 165 168 180 234 277 289 291 293 294 315 334 338 386 400 
104 109 115 118 122 133 137 144 147 152 154 157 159 168 171 180 181 185 187 188 196 203 205 206 229 236 249 257 262 265 270 272 274 275 281 283 285 288 289 293 294 306 320 326 334 346 347 349 358 375 386 387 395 399 403 414 417 
105 119 121 132 133 134 144 152 161 165 170 186 190 195 196 205 213 223 272 283 287 296 298 305 320 326 345 352 354 367 386 387 
106 384 
107 137 145 167 168 181 186 228 239 249 253 272 309 320 324 333 361 387 415 417 
108 110 180 216 289 
109 110 114 115 117 119 122 123 124 150 152 157 159 160 163 173 174 178 180 185 187 189 194 195 198 201 204 212 213 222 224 227 230 232 235 238 252 273 276 277 278 289 295 298 300 314 317 328 333 335 356 364 366 367 373 376 385 386 392 408 411 413 418 
110 114 119 123 124 148 163 173 188 190 194 195 199 213 222 227 232 240 243 257 266 273 277 278 281 292 298 307 317 328 356 368 373 
111 119 146 277 325 373 383 
112 129 136 159 162 168 181 185 196 203 221 229 239 257 262 272 283 287 288 294 296 301 306 320 326 333 339 354 358 369 375 386 399 403 405 414 
113 123 201 277 319 329 335 373 383 389 406 
114 119 126 138 141 155 173 178 179 186 190 194 195 199 208 209 213 222 226 230 232 240 270 273 275 277 278 283 298 299 308 317 335 345 346 356 364 379 406 414 
115 133 139 144 151 166 168 170 180 187 196 228 229 249 255 257 262 274 275 289 294 296 320 333 334 340 375 387 391 399 414 417 
116 117 151 194 217 305 335 
117 148 160 173 201 212 267 277 309 320 335 365 366 373 383 389 405 
118 132 136 137 139 152 162 168 179 181 184 186 190 205 206 221 253 270 272 275 281 287 289 293 301 306 307 323 327 333 334 347 354 357 358 375 386 387 404 411 
119 157 160 197 208 211 232 267 277 278 295 321 329 335 366 368 373 376 406 
120 
121 141 170 190 228 234 278 289 291 298 305 307 321 361 371 373 383 387 400 412 
122 145 152 161 168 170 180 187 218 257 265 275 289 306 346 361 374 387 417 
123 171 180 184 222 226 240 242 263 273 277 278 298 305 344 347 376 383 395 406 411 
124 136 154 213 226 298 301 338 359 368 383 
125 136 165 203 213 293 314 417 
126 144 166 170 181 187 190 198 207 214 237 255 273 289 293 299 318 344 368 373 399 416 
127 162 265 283 
128 154 267 
129 162 180 191 205 281 287 293 301 307 311 410 
130 261 385 
131 242 369 403 
132 139 145 161 162 171 180 201 240 249 262 283 301 320 321 333 334 365 368 369 386 391 415 
133 136 137 139 143 144 145 146 147 151 152 157 159 161 162 166 170 171 180 187 196 198 203 205 206 214 226 229 230 231 239 242 249 253 257 260 262 265 270 275 279 283 284 285 288 289 292 294 306 307 309 320 323 324 326 327 333 334 340 345 353 354 356 358 371 373 375 379 387 391 399 400 403 408 411 414 415 417 418 
134 138 190 195 203 204 208 222 225 232 278 295 299 324 335 366 373 
135 154 162 181 249 289 305 338 361 367 374 381 386 400 404 
136 137 144 146 149 151 152 161 162 168 170 180 185 186 187 188 206 208 213 230 249 253 257 262 265 275 288 294 296 301 307 308 315 320 321 333 344 346 349 353 354 367 368 379 382 383 386 387 404 414 416 418 
137 145 152 171 185 186 187 196 203 206 213 229 231 236 253 255 262 265 272 275 281 283 287 288 294 301 307 315 320 333 340 350 354 379 382 386 387 399 403 408 414 415 417 
138 184 226 237 242 263 277 278 283 299 311 328 346 368 373 
139 141 145 147 149 162 168 180 186 187 188 206 228 229 236 257 260 262 270 272 281 296 308 321 326 327 333 345 346 354 369 371 386 387 414 415 
140 167 276 389 
141 151 152 157 159 160 162 163 168 171 172 174 184 186 188 191 195 201 203 206 208 209 213 222 223 226 227 228 229 230 235 237 240 242 249 255 267 273 275 277 278 284 288 289 291 292 294 295 298 301 305 306 307 314 324 325 326 328 333 334 335 336 345 346 347 349 358 366 367 369 373 375 378 379 382 386 389 392 397 406 411 
142 152 161 301 354 365 379 415 
143 320 387 
144 146 187 196 214 228 265 272 292 321 354 369 375 414 
145 147 151 152 167 171 180 186 187 196 206 218 228 229 239 253 260 262 265 270 272 275 277 279 283 288 294 296 307 320 324 327 333 334 345 347 353 354 361 365 375 379 382 386 387 405 414 418 
146 148 151 180 187 196 203 228 265 272 274 275 281 287 289 296 301 340 356 358 375 387 391 400 403 405 414 
147 321 382 
148 154 206 240 294 328 366 367 368 410 
149 260 289 336 382 386 415 418 
150 156 224 230 243 277 298 328 354 373 389 406 
151 161 186 187 188 196 213 229 251 260 262 272 275 276 279 283 288 289 294 296 301 307 315 334 347 354 369 386 387 413 417 
152 159 161 162 167 168 180 182 186 207 242 253 255 273 275 279 289 294 307 308 311 321 334 338 349 352 354 366 370 375 379 386 404 416 
153 229 417 
154 217 219 263 283 288 305 320 327 356 361 375 400 
155 168 171 180 185 205 232 281 283 307 320 326 327 333 349 354 371 400 405 414 
156 180 221 222 227 333 389 
157 159 160 168 171 180 186 187 188 196 206 222 224 226 229 230 236 239 242 249 253 255 257 260 262 265 270 272 277 279 281 283 288 289 293 294 315 320 323 326 327 333 334 347 352 354 358 364 369 375 379 382 383 386 387 395 399 403 404 411 414 415 
158 221 222 223 277 278 307 325 328 343 367 403 
159 160 161 162 168 170 171 174 180 181 186 187 188 190 191 194 196 201 203 205 206 207 212 218 222 228 229 230 236 237 239 240 242 249 253 257 260 262 265 270 272 273 274 275 276 277 279 281 283 287 288 289 294 295 296 298 300 301 306 307 308 309 310 315 317 320 321 324 326 327 328 333 334 335 345 346 347 350 352 353 354 356 357 358 366 368 369 371 373 375 379 382 383 386 387 389 391 399 403 405 410 413 414 415 416 417 418 
160 180 186 191 222 226 230 232 237 240 251 262 267 272 273 277 278 286 298 300 303 317 333 335 363 367 373 379 389 397 406 416 
161 162 168 171 180 185 186 187 213 228 229 236 272 275 276 279 281 287 289 294 301 307 308 314 315 320 326 334 346 347 349 354 356 369 375 379 382 386 387 391 414 
162 168 171 180 185 186 187 188 203 205 206 230 236 249 255 262 265 275 279 281 283 287 288 289 292 294 296 301 307 315 320 321 324 333 334 345 347 354 357 369 375 379 381 382 386 387 399 414 415 418 
163 172 189 209 210 213 222 224 227 230 232 237 249 270 274 276 278 287 292 294 320 321 326 335 342 347 354 366 367 368 373 375 389 392 415 418 
164 213 298 305 400 410 
165 170 183 205 206 273 319 328 350 364 377 
166 196 289 
167 206 221 222 239 265 281 283 284 289 307 353 354 365 368 
168 171 181 185 186 187 196 203 210 218 228 229 242 257 262 265 267 272 279 281 283 284 287 288 294 296 301 307 315 320 324 327 334 344 346 349 354 365 368 369 373 375 382 386 387 395 415 418 
169 180 226 277 
170 180 181 195 212 213 214 216 217 219 222 227 234 242 275 291 293 294 298 305 317 319 337 338 346 349 350 361 375 380 383 387 389 390 399 400 405 410 412 416 418 
171 180 185 186 187 196 203 206 228 229 236 238 239 248 253 257 262 265 272 275 279 281 283 285 287 288 289 292 293 294 295 296 298 299 306 307 309 320 321 324 327 333 334 347 353 354 375 386 387 399 403 404 410 411 414 415 417 
172 180 267 272 305 336 366 373 
173 186 195 201 208 230 237 298 320 368 374 389 400 
174 178 213 222 226 240 258 273 277 278 281 298 299 321 328 356 366 376 379 
175 189 299 317 
176 180 181 184 186 189 192 198 199 203 205 207 213 222 225 226 227 230 232 237 240 242 255 257 261 263 265 267 272 273 276 277 278 281 284 289 294 295 296 298 299 307 309 315 317 320 323 324 325 327 333 335 343 344 349 354 356 366 367 368 369 372 373 374 375 376 381 382 383 385 387 389 395 399 400 406 410 411 414 416 
177 217 230 289 301 337 387 
178 190 213 226 230 240 273 277 278 314 
179 270 301 305 333 400 
180 181 186 187 196 206 212 222 226 228 229 236 242 243 253 257 260 262 265 272 275 279 283 288 289 293 294 296 298 307 308 311 320 321 326 333 334 340 344 345 353 354 368 375 383 386 387 395 399 403 410 411 414 415 417 418 
181 186 195 198 203 205 206 228 242 249 253 265 272 274 277 278 283 287 288 294 296 298 301 306 307 310 318 321 324 325 333 334 346 347 349 354 379 382 387 405 414 415 416 418 
182 187 196 200 205 236 242 253 257 260 262 274 275 283 288 294 296 301 315 320 321 324 333 334 346 354 369 375 379 382 386 387 395 399 403 404 414 415 417 
183 186 307 380 382 
184 189 197 199 209 217 222 226 232 237 242 255 273 277 278 293 295 305 317 326 328 334 335 344 349 366 367 373 376 378 379 382 395 406 412 414 
185 187 206 218 255 260 262 265 272 274 279 283 287 289 293 294 301 307 308 315 333 334 349 354 369 395 399 405 408 414 418 
186 187 188 206 221 230 238 257 260 265 272 275 283 288 289 294 296 301 305 306 307 320 321 333 334 340 346 349 353 354 368 375 378 382 386 387 399 404 414 418 
187 188 196 228 229 239 253 260 262 265 278 282 283 287 289 293 294 301 308 315 320 321 333 334 345 353 354 366 375 382 386 387 391 399 415 
188 190 206 212 257 260 265 267 275 283 292 293 294 296 320 321 326 333 345 353 354 375 383 
189 237 317 328 335 383 397 
190 222 223 257 277 289 295 299 317 335 339 349 363 369 373 386 387 389 
191 240 278 294 335 368 383 389 
192 222 225 261 276 354 375 385 
193 207 257 311 319 395 
194 222 227 237 249 270 277 299 335 373 406 
195 222 227 266 276 277 299 317 324 332 334 367 373 376 389 406 
196 203 207 214 229 236 253 255 262 272 288 289 294 307 320 369 387 391 399 403 415 416 
197 284 286 300 334 
198 207 214 216 255 287 289 293 318 372 399 
199 267 298 307 354 
200 382 418 
201 237 243 267 272 276 277 278 284 292 295 309 329 338 344 366 368 
202 277 319 366 389 
203 205 216 222 242 249 253 257 259 262 272 283 287 288 294 296 301 306 307 308 320 321 349 354 358 369 373 375 379 386 387 399 403 411 414 418 
204 209 222 226 227 229 230 240 253 255 328 373 374 386 
205 253 265 307 338 347 418 
206 214 218 222 224 229 236 237 239 240 251 257 258 265 267 275 279 281 283 288 289 293 294 296 301 311 315 321 333 334 352 353 354 375 379 382 386 389 399 415 416 417 418 
207 214 265 273 287 311 319 410 
208 222 225 226 267 273 277 283 284 299 321 326 328 334 335 366 368 382 391 400 
209 226 240 265 273 277 296 298 299 307 309 328 
210 229 
211 221 222 226 227 228 230 232 240 242 263 265 270 276 277 278 283 295 298 299 303 317 327 328 335 366 368 373 375 376 383 395 397 406 
212 243 255 291 334 374 
213 222 226 227 237 242 273 294 300 317 318 328 344 350 354 356 364 373 383 389 400 414 418 
214 265 289 293 303 318 334 361 399 416 
215 
216 251 262 291 295 305 320 337 338 374 386 387 400 404 
217 282 283 294 301 305 320 327 414 418 
218 229 239 240 249 262 292 354 403 
219 222 234 263 272 291 296 305 319 337 338 344 362 366 368 374 379 380 400 405 412 
220 
221 277 293 
222 226 230 237 240 242 260 262 266 267 273 276 277 278 286 295 298 299 300 303 317 328 335 345 356 366 368 373 375 376 379 383 385 386 389 395 397 411 414 
223 352 
224 277 294 335 366 367 373 
225 240 273 291 295 309 328 335 337 367 376 406 
226 230 237 242 257 263 267 273 277 278 293 294 299 317 326 328 334 335 349 358 368 400 405 412 
227 240 253 295 335 356 364 373 389 410 
228 249 265 272 277 287 289 299 301 311 320 328 354 386 387 410 414 
229 236 240 253 257 260 262 265 270 274 275 278 279 283 287 288 289 294 306 307 320 326 333 334 349 352 353 354 365 371 375 379 386 387 391 395 397 399 403 413 414 416 417 
230 240 252 253 257 267 273 274 277 278 288 295 298 299 305 309 321 328 346 356 366 367 368 373 383 386 389 392 400 406 
231 257 283 289 293 391 399 
232 262 265 277 299 328 335 345 
233 267 381 
234 272 283 285 288 291 301 305 307 319 320 321 333 337 338 341 349 350 351 361 369 374 386 387 390 392 400 402 412 418 
235 265 277 293 295 299 305 327 328 361 375 
236 239 242 249 251 253 255 257 260 262 263 265 267 270 272 273 274 275 277 278 279 281 283 287 288 289 292 293 294 295 296 298 301 305 306 307 308 310 311 315 317 318 320 321 323 324 326 327 328 333 334 340 344 345 347 349 352 353 354 358 363 366 368 369 371 373 375 376 379 382 383 386 387 389 391 395 397 399 400 403 404 405 408 410 411 414 415 416 417 418 
237 240 242 255 265 267 273 277 278 283 299 309 311 325 327 335 349 359 366 368 373 383 389 405 406 410 414 418 
238 262 270 275 279 283 294 296 310 324 347 357 361 369 399 414 417 
239 249 265 283 288 315 320 324 334 354 365 379 382 386 408 415 
240 253 257 263 265 267 270 273 275 277 278 283 295 298 299 301 317 320 321 328 333 335 367 368 373 374 383 389 399 418 
241 335 400 
242 253 255 257 260 263 265 267 270 272 273 275 277 279 281 283 287 288 289 293 294 295 296 298 299 300 305 307 308 309 311 317 320 321 324 326 327 333 334 340 349 354 357 369 373 375 379 381 382 386 387 391 395 399 404 411 412 413 416 418 
243 265 276 277 283 284 291 292 293 311 321 334 357 361 368 400 405 412 
244 267 294 328 374 
245 266 317 335 373 415 
246 291 307 334 338 374 389 
247 281 283 289 293 320 
248 265 272 289 306 328 369 375 386 415 
249 253 260 272 279 293 294 301 305 307 321 324 328 334 347 352 353 354 358 369 374 386 387 414 
250 283 284 344 
251 253 272 276 281 288 291 307 333 354 387 404 410 414 
252 270 298 299 317 328 
253 257 258 262 272 275 277 279 281 283 289 292 293 294 296 299 306 307 308 320 321 324 326 327 333 334 335 349 354 358 369 375 379 381 386 387 399 403 404 414 416 
254 279 
255 257 260 265 270 272 275 279 281 283 285 287 289 293 294 296 299 303 307 308 311 317 318 320 321 324 326 327 328 333 334 340 345 349 352 354 367 368 375 382 386 387 391 395 399 403 411 412 414 416 417 418 
256 263 265 295 299 321 328 335 344 354 373 376 
257 260 262 265 272 275 279 281 283 288 289 294 296 307 308 320 321 324 326 327 333 334 340 349 352 354 375 379 386 387 389 411 414 417 418 
258 299 
259 276 291 294 299 305 319 333 337 338 340 361 363 373 374 380 386 387 389 397 400 
260 262 274 275 279 283 289 294 301 306 315 320 323 334 349 354 369 375 379 414 415 417 
261 385 
262 279 281 283 288 294 296 315 320 333 375 403 406 411 414 415 
263 267 277 294 299 301 305 314 320 325 327 335 349 364 367 368 373 374 400 406 414 
264 287 
265 272 279 283 289 294 296 299 304 311 321 324 334 340 349 354 375 376 382 386 387 415 416 418 
266 277 278 289 299 328 366 
267 273 274 275 276 284 294 311 317 326 367 368 381 387 389 395 
268 
269 276 
270 296 320 324 326 334 347 352 357 379 387 405 413 417 
271 
272 273 275 277 279 281 283 288 289 292 294 296 299 306 311 315 320 321 324 326 327 333 354 357 375 379 382 386 403 416 
273 277 278 305 311 317 335 376 377 378 
274 281 289 301 315 323 326 328 333 334 354 375 397 399 406 414 
275 281 283 288 289 294 296 305 315 317 320 324 333 346 353 356 361 373 379 386 387 389 414 415 418 
276 277 364 
277 278 283 284 293 299 317 325 366 376 383 389 399 
278 283 284 289 298 299 303 311 317 321 328 329 335 349 356 364 367 368 373 383 389 405 411 
279 283 287 294 296 301 306 311 315 321 324 334 349 353 354 414 
280 364 
281 283 288 289 293 296 299 309 315 320 324 326 327 334 347 353 354 366 375 379 386 387 389 403 415 418 
282 301 387 404 417 
283 288 289 294 301 320 324 326 340 365 368 369 373 375 379 382 386 387 
284 292 293 300 352 365 368 389 406 
285 296 305 320 324 352 353 374 387 413 415 
286 298 
287 296 301 307 311 315 320 324 333 340 357 381 382 387 404 405 408 410 
288 289 292 296 301 308 315 320 321 324 326 333 334 346 347 353 375 379 382 386 387 395 403 404 408 411 414 415 417 418 
289 293 295 296 308 315 320 321 324 333 334 340 345 346 347 354 373 382 386 391 399 405 408 412 414 
290 328 336 364 367 411 
291 294 305 317 319 321 337 338 356 361 374 383 387 395 400 410 412 
292 294 301 306 307 321 324 326 333 334 339 347 354 356 358 369 375 382 386 403 411 415 
293 301 315 326 327 386 399 
294 296 299 315 320 324 334 340 353 354 358 365 369 375 379 386 387 414 418 
295 298 299 323 328 334 335 354 356 373 375 383 386 
296 320 321 324 353 354 375 379 386 387 416 418 
297 320 
298 320 325 328 335 354 368 373 389 
299 311 317 320 324 326 327 328 334 335 343 349 368 369 373 386 387 389 410 414 
300 366 
301 307 308 315 333 334 346 347 354 366 369 375 382 387 404 405 414 416 418 
302 311 
303 334 368 
304 307 319 400 
305 306 315 327 337 338 361 364 374 375 400 412 
306 307 320 323 324 326 327 333 334 335 354 375 387 404 
307 320 333 334 347 367 375 387 400 415 
308 315 320 323 326 333 334 345 354 375 376 377 378 399 414 
309 335 347 364 366 367 373 397 412 
310 320 333 334 346 358 379 387 413 416 
311 315 320 357 378 400 410 414 417 
312 328 369 
313 415 
314 328 
315 333 334 354 369 382 405 
316 373 
317 325 328 335 344 368 373 376 378 389 395 406 
318 349 352 391 399 
319 320 328 338 
320 324 326 334 349 375 382 387 389 399 417 
321 327 329 333 345 349 353 354 369 375 382 386 
322 382 383 
323 
324 365 382 403 
325 373 406 
326 327 333 334 349 375 379 382 386 387 391 395 399 414 
327 333 349 352 354 369 375 379 387 414 415 417 418 
328 336 356 374 376 410 
329 338 373 
330 383 
331 347 
332 
333 334 345 349 354 369 371 375 382 384 386 387 406 414 415 418 
334 335 347 349 354 369 375 386 395 399 415 
335 373 383 389 406 
336 367 375 
337 346 361 364 374 389 400 411 
338 400 
339 405 
340 417 
341 361 387 410 
342 
343 365 367 
344 368 418 
345 354 365 369 373 375 379 386 399 400 415 
346 353 354 375 381 387 399 403 414 415 417 418 
347 353 354 358 366 369 375 386 387 399 414 415 
348 354 369 
349 352 354 369 371 375 379 382 387 399 400 404 412 414 418 
350 361 374 380 400 406 412 
351 355 
352 354 364 387 399 400 411 414 417 
353 354 358 369 375 379 382 386 387 389 403 405 414 415 417 
354 358 369 375 382 399 416 
355 
356 366 373 
357 365 400 415 417 
358 375 387 404 411 
359 
360 
361 374 380 400 413 
362 400 
363 366 367 374 378 385 389 391 395 404 410 418 
364 373 374 383 389 414 
365 387 
366 389 
367 373 374 376 378 382 392 395 397 404 414 
368 383 389 414 
369 373 382 386 387 404 
370 
371 417 418 
372 376 
373 378 382 389 397 414 
374 380 400 402 406 414 
375 382 386 387 403 415 
376 377 378 405 418 
377 
378 397 
379 382 386 387 389 403 414 415 416 
380 399 412 
381 387 395 416 
382 386 387 404 414 415 418 
383 
384 
385 389 397 400 406 414 418 
386 387 395 403 408 414 415 418 
387 391 404 411 414 417 
388 
389 
390 400 418 
391 399 
392 
393 
394 400 
395 399 400 403 404 405 411 414 415 417 418 
396 
397 
398 
399 405 
400 412 
401 
402 
403 414 415 417 418 
404 
405 410 
406 412 414 
407 
408 
409 
410 
411 414 
412 
413 
414 415 417 418 
415 
416 
417 418 
418 
[0, 1, 1, 1, 0, 4, 0, 0, 0, 1, 1, 0, 0, 2, 0, 1, 0, 0, 1, 1, 1, 0, 0, 1, 1, 1, 0, 2, 0, 2, 2, 0, 0, 1, 1, 0, 0, 0, 1, 4, 0, 1, 4, 1, 0, 0, 1, 0, 0, 1, 1, 1, 0, 0, 1, 1, 0, 0, 1, 2, 1, 1, 0, 1, 4, 2, 1, 0, 0, 0, 0, 0, 1, 0, 1, 0, 0, 0, 1, 1, 0, 0, 1, 0, 1, 0, 1, 0, 0, 1, 1, 1, 0, 1, 0, 1, 3, 1, 1, 1, 0, 1, 1, 2, 1, 1, 4, 1, 2, 0, 0, 0, 1, 0, 0, 1, 0, 0, 1, 0, 0, 2, 1, 0, 0, 0, 3, 1, 4, 1, 0, 0, 1, 1, 0, 2, 1, 1, 0, 1, 0, 0, 1, 1, 1, 1, 1, 1, 0, 1, 0, 1, 1, 1, 2, 1, 0, 1, 0, 1, 0, 1, 1, 0, 2, 2, 1, 1, 1, 0, 2, 1, 0, 0, 0, 0, 0, 2, 0, 2, 1, 1, 1, 2, 0, 1, 1, 1, 1, 0, 0, 0, 0, 0, 0, 0, 1, 0, 3, 0, 1, 0, 0, 1, 0, 1, 1, 4, 0, 0, 1, 0, 2, 0, 3, 0, 2, 2, 1, 2, 0, 0, 0, 0, 0, 0, 0, 0, 1, 1, 0, 1, 0, 1, 2, 0, 1, 0, 1, 1, 0, 0, 1, 2, 0, 0, 1, 1, 1, 1, 0, 1, 0, 1, 1, 1, 0, 1, 1, 2, 1, 0, 1, 0, 1, 1, 0, 0, 0, 0, 1, 0, 1, 0, 1, 1, 0, 0, 0, 1, 1, 1, 1, 1, 0, 1, 0, 1, 1, 1, 0, 2, 1, 1, 1, 0, 1, 0, 0, 0, 0, 1, 2, 0, 1, 2, 1, 1, 1, 0, 1, 1, 0, 1, 0, 1, 0, 0, 3, 2, 1, 1, 1, 1, 1, 0, 1, 1, 0, 0, 0, 1, 0, 1, 1, 0, 1, 2, 2, 1, 1, 2, 0, 0, 0, 1, 1, 1, 2, 1, 2, 2, 1, 1, 1, 0, 0, 1, 1, 0, 1, 2, 2, 0, 0, 1, 0, 0, 0, 1, 1, 1, 0, 0, 2, 1, 0, 0, 0, 1, 2, 4, 1, 0, 4, 0, 1, 1, 0, 0, 2, 1, 0, 0, 4, 1, 1, 0, 2, 1, 2, 0, 2, 1, 1, 1, 0, 0, 1, 0, 4, 1, 2, 1, 1, 1, 1, 1, 1]